4.30319977 18.72270012 5.70709991 3.000000 3.000000
4.30910015 18.69799995 6.62400007 3.000000 3.000000
4.25869989 18.63260078 5.30340004 3.000000 3.000000
4.30280018 18.75499916 5.81599998 3.000000 3.000000
4.30910015 18.76709938 6.63000011 3.000000 3.000000
4.30299997 18.73999977 5.44080019 3.000000 3.000000
4.25869989 18.63260078 5.28649998 3.000000 3.000000
4.23929977 18.77669907 5.52549982 3.000000 3.000000
4.30789995 18.75300026 6.64309978 3.000000 3.000000
4.30319977 18.69249916 5.64270020 3.000000 3.000000
4.30249977 18.71680069 5.35260010 3.000000 3.000000
4.30329990 18.75930023 6.63159990 3.000000 3.000000
4.24499989 18.77750015 5.73549986 3.000000 3.000000
4.26560020 18.63260078 5.71729994 3.000000 3.000000
4.22849989 18.63240051 5.27629995 3.000000 3.000000
4.30259991 18.69799995 5.80019999 3.000000 3.000000
4.30910015 18.70829964 6.62589979 3.000000 3.000000
4.38539982 18.78639984 6.63089991 3.000000 3.000000
4.30870008 18.72739983 6.64470005 3.000000 3.000000
4.28690004 18.63319969 6.14680004 3.000000 3.000000
4.21910000 18.63689995 5.23159981 3.000000 3.000000
4.30310011 18.72229958 5.77699995 3.000000 3.000000
4.30259991 18.74690056 5.73600006 3.000000 3.000000
4.23120022 18.63120079 5.70410013 3.000000 3.000000
4.30229998 18.74799919 5.49300003 3.000000 3.000000
4.30130005 18.77190018 6.20380020 3.000000 3.000000
4.30219984 18.75550079 5.66699982 3.000000 3.000000
4.30249977 18.74819946 5.46729994 3.000000 3.000000
4.30810022 18.69490051 6.66860008 3.000000 3.000000
4.30289984 18.71680069 5.37830019 3.000000 3.000000
4.22739983 18.78529930 5.38210011 3.000000 3.000000
4.30280018 18.75489998 5.83360004 3.000000 3.000000
4.30870008 18.68070030 6.61380005 3.000000 3.000000
4.30340004 18.75189972 6.28070021 3.000000 3.000000
4.35400009 18.63369942 6.32019997 3.000000 3.000000
4.34969997 18.63209915 6.67379999 3.000000 3.000000
4.38210011 18.63269997 6.66870022 3.000000 3.000000
4.32539988 18.63220024 6.67089987 3.000000 3.000000
4.34520006 18.63319969 6.66820002 3.000000 3.000000
4.35410023 18.63310051 6.66650009 3.000000 3.000000
4.37419987 18.63349915 6.66330004 3.000000 3.000000
4.38210011 18.63290024 6.66149998 3.000000 3.000000
4.30280018 18.72319984 5.58529997 3.000000 3.000000
4.27379990 18.63139915 6.67229986 3.000000 3.000000
4.29020023 18.63240051 6.67019987 3.000000 3.000000
4.30959988 18.63279915 6.66690016 3.000000 3.000000
4.31710005 18.63310051 6.66580009 3.000000 3.000000
4.32950020 18.63349915 6.66389990 3.000000 3.000000
4.34189987 18.63279915 6.66099977 3.000000 3.000000
4.36229992 18.63310051 6.65770006 3.000000 3.000000
4.23689985 18.63229942 6.67290020 3.000000 3.000000
4.24490023 18.63240051 6.67140007 3.000000 3.000000
4.26170015 18.63279915 6.66849995 3.000000 3.000000
4.27810001 18.63249969 6.66520023 3.000000 3.000000
4.30970001 18.63279915 6.65950012 3.000000 3.000000
4.31720018 18.63290024 6.65819979 3.000000 3.000000
4.32530022 18.63290024 6.65670013 3.000000 3.000000
4.33349991 18.63319969 6.65549994 3.000000 3.000000
4.35430002 18.63279915 6.65140009 3.000000 3.000000
4.36240005 18.63299942 6.65019989 3.000000 3.000000
4.38229990 18.63249969 6.64620018 3.000000 3.000000
4.22849989 18.63369942 6.66839981 3.000000 3.000000
4.24499989 18.63260078 6.66419983 3.000000 3.000000
4.29390001 18.63299942 6.65520000 3.000000 3.000000
4.34210014 18.63249969 6.64589977 3.000000 3.000000
4.35430002 18.63279915 6.64400005 3.000000 3.000000
4.38250017 18.63209915 6.63850021 3.000000 3.000000
4.23269987 18.63240051 6.65899992 3.000000 3.000000
4.25320005 18.63229942 6.65490007 3.000000 3.000000
4.26929998 18.63269997 6.65220022 3.000000 3.000000
4.28240013 18.63249969 6.64949989 3.000000 3.000000
4.29790020 18.63249969 6.64659977 3.000000 3.000000
4.32130003 18.63249969 6.64230013 3.000000 3.000000
4.33370018 18.63290024 6.64039993 3.000000 3.000000
4.34210014 18.63269997 6.63870001 3.000000 3.000000
4.36259985 18.63260078 6.63500023 3.000000 3.000000
4.37839985 18.63290024 6.63250017 3.000000 3.000000
4.25780010 18.63220024 6.64659977 3.000000 3.000000
4.30999994 18.63209915 6.63660002 3.000000 3.000000
4.32119989 18.63299942 6.63539982 3.000000 3.000000
4.32999992 18.63269997 6.63360023 3.000000 3.000000
4.33790016 18.63279915 6.63219976 3.000000 3.000000
4.34560013 18.63269997 6.63070011 3.000000 3.000000
4.36639977 18.63319969 6.62760019 3.000000 3.000000
4.37839985 18.63319969 6.62540007 3.000000 3.000000
4.23290014 18.63179970 6.64359999 3.000000 3.000000
4.24109983 18.63190079 6.64219999 3.000000 3.000000
4.25330019 18.63209915 6.63990021 3.000000 3.000000
4.28620005 18.63249969 6.63399982 3.000000 3.000000
4.31750011 18.63240051 6.62809992 3.000000 3.000000
4.34989977 18.63319969 6.62300014 3.000000 3.000000
4.37039995 18.63299942 6.61929989 3.000000 3.000000
4.37839985 18.63310051 6.61800003 3.000000 3.000000
4.24119997 18.63190079 6.63469982 3.000000 3.000000
4.26580000 18.63279915 6.63070011 3.000000 3.000000
4.28270006 18.63209915 6.62699986 3.000000 3.000000
4.29050016 18.63249969 6.62589979 3.000000 3.000000
4.30200005 18.63229942 6.62349987 3.000000 3.000000
4.31379986 18.63229942 6.62139988 3.000000 3.000000
4.34240007 18.63249969 6.61639977 3.000000 3.000000
4.34989977 18.63339996 6.61590004 3.000000 3.000000
4.36259985 18.63330078 6.61350012 3.000000 3.000000
4.23299980 18.63190079 6.62900019 3.000000 3.000000
4.25349998 18.63209915 6.62519979 3.000000 3.000000
4.26590014 18.63269997 6.62330008 3.000000 3.000000
4.29809999 18.63269997 6.61730003 3.000000 3.000000
4.30579996 18.63240051 6.61560011 3.000000 3.000000
4.31769991 18.63220024 6.61329985 3.000000 3.000000
4.32569981 18.63279915 6.61229992 3.000000 3.000000
4.33400011 18.63260078 6.61070013 3.000000 3.000000
4.34240007 18.63269997 6.60920000 3.000000 3.000000
4.35839987 18.63290024 6.60659981 3.000000 3.000000
4.37480021 18.63319969 6.60400009 3.000000 3.000000
4.38259983 18.63290024 6.60239983 3.000000 3.000000
4.24119997 18.63220024 6.62020016 3.000000 3.000000
4.25349998 18.63220024 6.61789989 3.000000 3.000000
4.26599979 18.63260078 6.61590004 3.000000 3.000000
4.27860022 18.63240051 6.61329985 3.000000 3.000000
4.29440022 18.63249969 6.61040020 3.000000 3.000000
4.30219984 18.63209915 6.60869980 3.000000 3.000000
4.31389999 18.63249969 6.60680008 3.000000 3.000000
4.36670017 18.63290024 6.59789991 3.000000 3.000000
4.38280010 18.63260078 6.59480000 3.000000 3.000000
4.23740005 18.63240051 6.61380005 3.000000 3.000000
4.24560022 18.63190079 6.61180019 3.000000 3.000000
4.26609993 18.63249969 6.60839987 3.000000 3.000000
4.27409983 18.63229942 6.60669994 3.000000 3.000000
4.29069996 18.63269997 6.60389996 3.000000 3.000000
4.29839993 18.63179970 6.60169983 3.000000 3.000000
4.30600023 18.63220024 6.60069990 3.000000 3.000000
4.33029985 18.63240051 6.59649992 3.000000 3.000000
4.34590006 18.63279915 6.59410000 3.000000 3.000000
4.25829983 18.63190079 6.60200024 3.000000 3.000000
4.29449987 18.63249969 6.59579992 3.000000 3.000000
4.30219984 18.63249969 6.59429979 3.000000 3.000000
4.31040001 18.63209915 6.59250021 3.000000 3.000000
4.31790018 18.63229942 6.59130001 3.000000 3.000000
4.33039999 18.63260078 6.58930016 3.000000 3.000000
4.34259987 18.63260078 6.58720016 3.000000 3.000000
4.35860014 18.63319969 6.58489990 3.000000 3.000000
4.36679983 18.63299942 6.58330011 3.000000 3.000000
4.38290024 18.63269997 6.58020020 3.000000 3.000000
4.27430010 18.63220024 6.59189987 3.000000 3.000000
4.29090023 18.63220024 6.58879995 3.000000 3.000000
4.30229998 18.63249969 6.58699989 3.000000 3.000000
4.31419992 18.63199997 6.58440018 3.000000 3.000000
4.32609987 18.63209915 6.58239985 3.000000 3.000000
4.34259987 18.63269997 6.57999992 3.000000 3.000000
4.35489988 18.63290024 6.57789993 3.000000 3.000000
4.36310005 18.63260078 6.57630014 3.000000 3.000000
4.37069988 18.63310051 6.57539988 3.000000 3.000000
4.37879992 18.63319969 6.57410002 3.000000 3.000000
4.23780012 18.63159943 6.59110022 3.000000 3.000000
4.24970007 18.63240051 6.58949995 3.000000 3.000000
4.26999998 18.63199997 6.58529997 3.000000 3.000000
4.28669977 18.63229942 6.58239985 3.000000 3.000000
4.30240011 18.63229942 6.57950020 3.000000 3.000000
4.31430006 18.63170052 6.57679987 3.000000 3.000000
4.32630014 18.63179970 6.57469988 3.000000 3.000000
4.33419991 18.63279915 6.57429981 3.000000 3.000000
4.36679983 18.63330078 6.56890011 3.000000 3.000000
4.37519979 18.63249969 6.56680012 3.000000 3.000000
4.38299990 18.63260078 6.56559992 3.000000 3.000000
4.23780012 18.63179970 6.58389997 3.000000 3.000000
4.24590015 18.63179970 6.58230019 3.000000 3.000000
4.26650000 18.63190079 6.57859993 3.000000 3.000000
4.27430010 18.63249969 6.57760000 3.000000 3.000000
4.29470015 18.63260078 6.57390022 3.000000 3.000000
4.31809998 18.63209915 6.56920004 3.000000 3.000000
4.33430004 18.63279915 6.56689978 3.000000 3.000000
4.35890007 18.63269997 6.56250000 3.000000 3.000000
4.23780012 18.63179970 6.57660007 3.000000 3.000000
4.24590015 18.63179970 6.57509995 3.000000 3.000000
4.25390005 18.63199997 6.57369995 3.000000 3.000000
4.26650000 18.63209915 6.57140017 3.000000 3.000000
4.28700018 18.63179970 6.56739998 3.000000 3.000000
4.29470015 18.63279915 6.56680012 3.000000 3.000000
4.33050013 18.63310051 6.56059980 3.000000 3.000000
4.33860016 18.63249969 6.55859995 3.000000 3.000000
4.34619999 18.63299942 6.55770016 3.000000 3.000000
4.35519981 18.63229942 6.55550003 3.000000 3.000000
4.36320019 18.63310051 6.55490017 3.000000 3.000000
4.37090015 18.63299942 6.55340004 3.000000 3.000000
4.23789978 18.63170052 6.56930017 3.000000 3.000000
4.24599981 18.63179970 6.56780005 3.000000 3.000000
4.28319979 18.63209915 6.56099987 3.000000 3.000000
4.30259991 18.63229942 6.55760002 3.000000 3.000000
4.32200003 18.63269997 6.55450010 3.000000 3.000000
4.33059978 18.63310051 6.55329990 3.000000 3.000000
4.34630013 18.63269997 6.55019999 3.000000 3.000000
4.36719990 18.63260078 6.54650021 3.000000 3.000000
4.37529993 18.63319969 6.54559994 3.000000 3.000000
4.23360014 18.63179970 6.56290007 3.000000 3.000000
4.24599981 18.63209915 6.56080008 3.000000 3.000000
4.26280022 18.63209915 6.55760002 3.000000 3.000000
4.28700018 18.63229942 6.55319977 3.000000 3.000000
4.29489994 18.63240051 6.55189991 3.000000 3.000000
4.30259991 18.63220024 6.55030012 3.000000 3.000000
4.33080006 18.63249969 6.54549980 3.000000 3.000000
4.34310007 18.63209915 6.54300022 3.000000 3.000000
4.35059977 18.63279915 6.54230022 3.000000 3.000000
4.36339998 18.63269997 6.53999996 3.000000 3.000000
4.37540007 18.63290024 6.53809977 3.000000 3.000000
4.38320017 18.63269997 6.53660011 3.000000 3.000000
4.36639977 18.77790070 6.66989994 3.000000 3.000000
4.37869978 18.77849960 6.66839981 3.000000 3.000000
4.24179983 18.63209915 6.55429983 3.000000 3.000000
4.25419998 18.63170052 6.55159998 3.000000 3.000000
4.27930021 18.63179970 6.54699993 3.000000 3.000000
4.28700018 18.63220024 6.54589987 3.000000 3.000000
4.31829977 18.63220024 6.54020023 3.000000 3.000000
4.32639980 18.63249969 6.53900003 3.000000 3.000000
4.33459997 18.63260078 6.53770018 3.000000 3.000000
4.35540009 18.63240051 6.53380013 3.000000 3.000000
4.36719990 18.63290024 6.53219986 3.000000 3.000000
4.38339996 18.63229942 6.52899981 3.000000 3.000000
4.24609995 18.63209915 6.54619980 3.000000 3.000000
4.25419998 18.63209915 6.54470015 3.000000 3.000000
4.27920008 18.63209915 6.53999996 3.000000 3.000000
4.30660009 18.63209915 6.53499985 3.000000 3.000000
4.31839991 18.63209915 6.53289986 3.000000 3.000000
4.34310007 18.63249969 6.52890015 3.000000 3.000000
4.36730003 18.63290024 6.52510023 3.000000 3.000000
4.37559986 18.63240051 6.52320004 3.000000 3.000000
4.38350010 18.63209915 6.52159977 3.000000 3.000000
4.36639977 18.77849960 6.65549994 3.000000 3.000000
4.24609995 18.63229942 6.53919983 3.000000 3.000000
4.27040005 18.63220024 6.53450012 3.000000 3.000000
4.29129982 18.63229942 6.53079987 3.000000 3.000000
4.30280018 18.63209915 6.52839994 3.000000 3.000000
4.32660007 18.63240051 6.52440023 3.000000 3.000000
4.34649992 18.63269997 6.52129984 3.000000 3.000000
4.36730003 18.63310051 6.51800013 3.000000 3.000000
4.37879992 18.77899933 6.64650011 3.000000 3.000000
4.23390007 18.63170052 6.53369999 3.000000 3.000000
4.27489996 18.63190079 6.52610016 3.000000 3.000000
4.28730011 18.63209915 6.52409983 3.000000 3.000000
4.29519987 18.63220024 6.52269983 3.000000 3.000000
4.30289984 18.63199997 6.52110004 3.000000 3.000000
4.31099987 18.63220024 6.51980019 3.000000 3.000000
4.32240009 18.63220024 6.51779985 3.000000 3.000000
4.33900023 18.63229942 6.51490021 3.000000 3.000000
4.34660006 18.63279915 6.51410007 3.000000 3.000000
4.37139988 18.63260078 6.50960016 3.000000 3.000000
4.37949991 18.63260078 6.50829983 3.000000 3.000000
4.23820019 18.63199997 6.52589989 3.000000 3.000000
4.24639988 18.63170052 6.52419996 3.000000 3.000000
4.26700020 18.63170052 6.52019978 3.000000 3.000000
4.28359985 18.63209915 6.51760006 3.000000 3.000000
4.31479979 18.63190079 6.51170015 3.000000 3.000000
4.34329987 18.63229942 6.50699997 3.000000 3.000000
4.35090017 18.63310051 6.50640011 3.000000 3.000000
4.35930014 18.63269997 6.50460005 3.000000 3.000000
4.36749983 18.63260078 6.50320005 3.000000 3.000000
4.37949991 18.63260078 6.50110006 3.000000 3.000000
4.23400021 18.63199997 6.51949978 3.000000 3.000000
4.24219990 18.63190079 6.51789999 3.000000 3.000000
4.25449991 18.63170052 6.51539993 3.000000 3.000000
4.27939987 18.63249969 6.51140022 3.000000 3.000000
4.29169989 18.63179970 6.50860023 3.000000 3.000000
4.29920006 18.63199997 6.50740004 3.000000 3.000000
4.31489992 18.63199997 6.50449991 3.000000 3.000000
4.23409986 18.63170052 6.51210022 3.000000 3.000000
4.24650002 18.63170052 6.50969982 3.000000 3.000000
4.25920010 18.63150024 6.50710011 3.000000 3.000000
4.26700020 18.63220024 6.50629997 3.000000 3.000000
4.29920006 18.63209915 6.50029993 3.000000 3.000000
4.32259989 18.63220024 6.49620008 3.000000 3.000000
4.35570002 18.63269997 6.49090004 3.000000 3.000000
4.37150002 18.63279915 6.48829985 3.000000 3.000000
4.37970018 18.63260078 6.48670006 3.000000 3.000000
4.37060022 18.77910042 6.61850023 3.000000 3.000000
4.37909985 18.77879906 6.61670017 3.000000 3.000000
4.23420000 18.63170052 6.50479984 3.000000 3.000000
4.25920010 18.63170052 6.50010014 3.000000 3.000000
4.26709986 18.63209915 6.49900007 3.000000 3.000000
4.27510023 18.63199997 6.49739981 3.000000 3.000000
4.28369999 18.63220024 6.49599981 3.000000 3.000000
4.29540014 18.63229942 6.49389982 3.000000 3.000000
4.33120012 18.63260078 6.48789978 3.000000 3.000000
4.33920002 18.63249969 6.48640013 3.000000 3.000000
4.37589979 18.63260078 6.48019981 3.000000 3.000000
4.37060022 18.77939987 6.61129999 3.000000 3.000000
4.37900019 18.77930069 6.60990000 3.000000 3.000000
4.23409986 18.63209915 6.49800014 3.000000 3.000000
4.24660015 18.63190079 6.49539995 3.000000 3.000000
4.28389978 18.63199997 6.48859978 3.000000 3.000000
4.29169989 18.63220024 6.48740005 3.000000 3.000000
4.29939985 18.63170052 6.48549986 3.000000 3.000000
4.31500006 18.63220024 6.48320007 3.000000 3.000000
4.32259989 18.63240051 6.48199987 3.000000 3.000000
4.33129978 18.63260078 6.48070002 3.000000 3.000000
4.37160015 18.63279915 6.47399998 3.000000 3.000000
4.37510014 18.77899933 6.60290003 3.000000 3.000000
4.23850012 18.63199997 6.48990011 3.000000 3.000000
4.27530003 18.63179970 6.48290014 3.000000 3.000000
4.28389978 18.63199997 6.48140001 3.000000 3.000000
4.30719995 18.63150024 6.47679996 3.000000 3.000000
4.31510019 18.63229942 6.47620010 3.000000 3.000000
4.32270002 18.63220024 6.47469997 3.000000 3.000000
4.34350014 18.63269997 6.47160006 3.000000 3.000000
4.36780024 18.63290024 6.46759987 3.000000 3.000000
4.37599993 18.63269997 6.46600008 3.000000 3.000000
4.37510014 18.77919960 6.59569979 3.000000 3.000000
4.25479984 18.63199997 6.47959995 3.000000 3.000000
4.28399992 18.63209915 6.47440004 3.000000 3.000000
4.29559994 18.63229942 6.47240019 3.000000 3.000000
4.30719995 18.63179970 6.46999979 3.000000 3.000000
4.33139992 18.63279915 6.46649981 3.000000 3.000000
4.35979986 18.63240051 6.46129990 3.000000 3.000000
4.37169981 18.63290024 6.45979977 3.000000 3.000000
4.38390017 18.63269997 6.45760012 3.000000 3.000000
4.23869991 18.63170052 6.47529984 3.000000 3.000000
4.25089979 18.63159943 6.47289991 3.000000 3.000000
4.29559994 18.63269997 6.46570015 3.000000 3.000000
4.33150005 18.63240051 6.45909977 3.000000 3.000000
4.35979986 18.63260078 6.45440006 3.000000 3.000000
4.38390017 18.63279915 6.45060015 3.000000 3.000000
4.36700010 18.77869987 6.58199978 3.000000 3.000000
4.37529993 18.77890015 6.58080006 3.000000 3.000000
4.25479984 18.63209915 6.46549988 3.000000 3.000000
4.26739979 18.63190079 6.46299982 3.000000 3.000000
4.29209995 18.63170052 6.45830011 3.000000 3.000000
4.31519985 18.63240051 6.45480013 3.000000 3.000000
4.32289982 18.63249969 6.45349979 3.000000 3.000000
4.33160019 18.63199997 6.45160007 3.000000 3.000000
4.33960009 18.63240051 6.45060015 3.000000 3.000000
4.34709978 18.63299942 6.44969988 3.000000 3.000000
4.38000011 18.63269997 6.44399977 3.000000 3.000000
4.37930012 18.77939987 6.57329988 3.000000 3.000000
4.23460007 18.63159943 6.46169996 3.000000 3.000000
4.25489998 18.63190079 6.45819998 3.000000 3.000000
4.28009987 18.63179970 6.45340014 3.000000 3.000000
4.29580021 18.63229942 6.45100021 3.000000 3.000000
4.31529999 18.63220024 6.44750023 3.000000 3.000000
4.33160019 18.63260078 6.44500017 3.000000 3.000000
4.33960009 18.63260078 6.44360018 3.000000 3.000000
4.34719992 18.63279915 6.44250011 3.000000 3.000000
4.35610008 18.63260078 6.44080019 3.000000 3.000000
4.36409998 18.63310051 6.43989992 3.000000 3.000000
4.37629986 18.63269997 6.43750000 3.000000 3.000000
4.36700010 18.77899933 6.56759977 3.000000 3.000000
4.30480003 18.68540001 5.89309978 3.000000 3.000000
4.25099993 18.63199997 6.45179987 3.000000 3.000000
4.26380014 18.63190079 6.44929981 3.000000 3.000000
4.27559996 18.63170052 6.44710016 3.000000 3.000000
4.28789997 18.63220024 6.44519997 3.000000 3.000000
4.31540012 18.63220024 6.44040012 3.000000 3.000000
4.32299995 18.63240051 6.43919992 3.000000 3.000000
4.35610008 18.63279915 6.43389988 3.000000 3.000000
4.37639999 18.63249969 6.43020010 3.000000 3.000000
4.36709976 18.77899933 6.56029987 3.000000 3.000000
4.24280024 18.63159943 6.44589996 3.000000 3.000000
4.28429985 18.63190079 6.43849993 3.000000 3.000000
4.31169987 18.63240051 6.43410015 3.000000 3.000000
4.32730007 18.63279915 6.43179989 3.000000 3.000000
4.33970022 18.63279915 6.42959976 3.000000 3.000000
4.34740019 18.63229942 6.42789984 3.000000 3.000000
4.35620022 18.63260078 6.42659998 3.000000 3.000000
4.37949991 18.77910042 6.55109978 3.000000 3.000000
4.25110006 18.63220024 6.43779993 3.000000 3.000000
4.27129984 18.63209915 6.43400002 3.000000 3.000000
4.28009987 18.63240051 6.43260002 3.000000 3.000000
4.29979992 18.63220024 6.42899990 3.000000 3.000000
4.32310009 18.63249969 6.42509985 3.000000 3.000000
4.33559990 18.63240051 6.42290020 3.000000 3.000000
4.34399986 18.63279915 6.42170000 3.000000 3.000000
4.35629988 18.63269997 6.41960001 3.000000 3.000000
4.36829996 18.63249969 6.41739988 3.000000 3.000000
4.36730003 18.77869987 6.54540014 3.000000 3.000000
4.37960005 18.77890015 6.54370022 3.000000 3.000000
4.23899984 18.63199997 6.43279982 3.000000 3.000000
4.25120020 18.63209915 6.43060017 3.000000 3.000000
4.25969982 18.63190079 6.42889977 3.000000 3.000000
4.27139997 18.63199997 6.42679977 3.000000 3.000000
4.28009987 18.63260078 6.42570019 3.000000 3.000000
4.31169987 18.63260078 6.42010021 3.000000 3.000000
4.31930017 18.63229942 6.41849995 3.000000 3.000000
4.36829996 18.63269997 6.41050005 3.000000 3.000000
4.36730003 18.77860069 6.53809977 3.000000 3.000000
4.23909998 18.63190079 6.42560005 3.000000 3.000000
4.25979996 18.63190079 6.42170000 3.000000 3.000000
4.28030014 18.63220024 6.41820002 3.000000 3.000000
4.29239988 18.63199997 6.41590023 3.000000 3.000000
4.29990005 18.63240051 6.41489983 3.000000 3.000000
4.32749987 18.63249969 6.41020012 3.000000 3.000000
4.35640001 18.63229942 6.40509987 3.000000 3.000000
4.36730003 18.77890015 6.53109980 3.000000 3.000000
4.37570000 18.77890015 6.52979994 3.000000 3.000000
4.25139999 18.63159943 6.41599989 3.000000 3.000000
4.27589989 18.63190079 6.41179991 3.000000 3.000000
4.28459978 18.63159943 6.40990019 3.000000 3.000000
4.29610014 18.63229942 6.40850019 3.000000 3.000000
4.31570005 18.63199997 6.40479994 3.000000 3.000000
4.33199978 18.63240051 6.40229988 3.000000 3.000000
4.33990002 18.63269997 6.40119982 3.000000 3.000000
4.34759998 18.63240051 6.39970016 3.000000 3.000000
4.35640001 18.63269997 6.39839983 3.000000 3.000000
4.36460018 18.63260078 6.39699984 3.000000 3.000000
4.37239981 18.63260078 6.39559984 3.000000 3.000000
4.24310017 18.63170052 6.41050005 3.000000 3.000000
4.28459978 18.63209915 6.40329981 3.000000 3.000000
4.33580017 18.63240051 6.39459991 3.000000 3.000000
4.37659979 18.63290024 6.38819981 3.000000 3.000000
4.37160015 18.77869987 6.51580000 3.000000 3.000000
4.37970018 18.77969933 6.51529980 3.000000 3.000000
4.23500013 18.63170052 6.40500021 3.000000 3.000000
4.24310017 18.63190079 6.40360022 3.000000 3.000000
4.26000023 18.63170052 6.40030003 3.000000 3.000000
4.27169991 18.63159943 6.39809990 3.000000 3.000000
4.28450012 18.63249969 6.39659977 3.000000 3.000000
4.29629993 18.63209915 6.39419985 3.000000 3.000000
4.30399990 18.63209915 6.39279985 3.000000 3.000000
4.31209993 18.63209915 6.39139986 3.000000 3.000000
4.33209991 18.63249969 6.38829994 3.000000 3.000000
4.36040020 18.63269997 6.38369989 3.000000 3.000000
4.36850023 18.63299942 6.38259983 3.000000 3.000000
4.37150002 18.77910042 6.50890017 3.000000 3.000000
4.23929977 18.63190079 6.39729977 3.000000 3.000000
4.25150013 18.63199997 6.39510012 3.000000 3.000000
4.27169991 18.63179970 6.39120007 3.000000 3.000000
4.28459978 18.63260078 6.38959980 3.000000 3.000000
4.29640007 18.63199997 6.38700008 3.000000 3.000000
4.30410004 18.63190079 6.38560009 3.000000 3.000000
4.32359982 18.63170052 6.38199997 3.000000 3.000000
4.33209991 18.63269997 6.38149977 3.000000 3.000000
4.34019995 18.63220024 6.37960005 3.000000 3.000000
4.35659981 18.63260078 6.37720013 3.000000 3.000000
4.36859989 18.63260078 6.37519979 3.000000 3.000000
4.38059998 18.63269997 6.37340021 3.000000 3.000000
4.36759996 18.77890015 6.50220013 3.000000 3.000000
4.23929977 18.63220024 6.39050007 3.000000 3.000000
4.24739981 18.63220024 6.38899994 3.000000 3.000000
4.25549984 18.63190079 6.38730001 3.000000 3.000000
4.28060007 18.63220024 6.38299990 3.000000 3.000000
4.29260015 18.63220024 6.38089991 3.000000 3.000000
4.32369995 18.63179970 6.37510014 3.000000 3.000000
4.33209991 18.63269997 6.37440014 3.000000 3.000000
4.34450006 18.63229942 6.37200022 3.000000 3.000000
4.36479998 18.63260078 6.36880016 3.000000 3.000000
4.37680006 18.63310051 6.36730003 3.000000 3.000000
4.37589979 18.77939987 6.49410009 3.000000 3.000000
4.25159979 18.63190079 6.38100004 3.000000 3.000000
4.26800013 18.63260078 6.37849998 3.000000 3.000000
4.28060007 18.63220024 6.37589979 3.000000 3.000000
4.31599998 18.63190079 6.36950016 3.000000 3.000000
4.35669994 18.63279915 6.36339998 3.000000 3.000000
4.36490011 18.63260078 6.36189985 3.000000 3.000000
4.37179995 18.77899933 6.48719978 3.000000 3.000000
4.24340010 18.63190079 6.37540007 3.000000 3.000000
4.25570011 18.63190079 6.37309980 3.000000 3.000000
4.34030008 18.63260078 6.35890007 3.000000 3.000000
4.34789991 18.63260078 6.35769987 3.000000 3.000000
4.36490011 18.63279915 6.35500002 3.000000 3.000000
4.37699986 18.63269997 6.35290003 3.000000 3.000000
4.23530006 18.63190079 6.36999989 3.000000 3.000000
4.24770021 18.63190079 6.36759996 3.000000 3.000000
4.27619982 18.63229942 6.36280012 3.000000 3.000000
4.28870010 18.63190079 6.36019993 3.000000 3.000000
4.30429983 18.63209915 6.35769987 3.000000 3.000000
4.31610012 18.63209915 6.35559988 3.000000 3.000000
4.32800007 18.63240051 6.35389996 3.000000 3.000000
4.35690022 18.63260078 6.34919977 3.000000 3.000000
4.37699986 18.63260078 6.34590006 3.000000 3.000000
4.23530006 18.63190079 6.36289978 3.000000 3.000000
4.24340010 18.63209915 6.36159992 3.000000 3.000000
4.27640009 18.63190079 6.35540009 3.000000 3.000000
4.29659986 18.63249969 6.35239983 3.000000 3.000000
4.30429983 18.63220024 6.35080004 3.000000 3.000000
4.31619978 18.63199997 6.34859991 3.000000 3.000000
4.32380009 18.63229942 6.34749985 3.000000 3.000000
4.33620024 18.63249969 6.34560013 3.000000 3.000000
4.34800005 18.63299942 6.34399986 3.000000 3.000000
4.36070013 18.63269997 6.34159994 3.000000 3.000000
4.36889982 18.63279915 6.34040022 3.000000 3.000000
4.38089991 18.63279915 6.33850002 3.000000 3.000000
4.32819986 18.63369942 6.13199997 3.000000 3.000000
4.24779987 18.63190079 6.35370016 3.000000 3.000000
4.26830006 18.63229942 6.35029984 3.000000 3.000000
4.28079987 18.63229942 6.34810019 3.000000 3.000000
4.29300022 18.63209915 6.34569979 3.000000 3.000000
4.31619978 18.63220024 6.34170008 3.000000 3.000000
4.33249998 18.63249969 6.33920002 3.000000 3.000000
4.34040022 18.63279915 6.33809996 3.000000 3.000000
4.35239983 18.63279915 6.33620024 3.000000 3.000000
4.38089991 18.63310051 6.33179998 3.000000 3.000000
4.36800003 18.77869987 6.45889997 3.000000 3.000000
4.25589991 18.63209915 6.34539986 3.000000 3.000000
4.26840019 18.63209915 6.34310007 3.000000 3.000000
4.27650023 18.63179970 6.34140015 3.000000 3.000000
4.28509998 18.63220024 6.34019995 3.000000 3.000000
4.32390022 18.63240051 6.33370018 3.000000 3.000000
4.33260012 18.63240051 6.33220005 3.000000 3.000000
4.34480000 18.63240051 6.33010006 3.000000 3.000000
4.36889982 18.63299942 6.32670021 3.000000 3.000000
4.25600004 18.63179970 6.33809996 3.000000 3.000000
4.27220011 18.63199997 6.33540010 3.000000 3.000000
4.28509998 18.63229942 6.33330011 3.000000 3.000000
4.29670000 18.63299942 6.33190012 3.000000 3.000000
4.31260014 18.63220024 6.32849979 3.000000 3.000000
4.32819986 18.63249969 6.32609987 3.000000 3.000000
4.33640003 18.63240051 6.32460022 3.000000 3.000000
4.34490013 18.63240051 6.32320023 3.000000 3.000000
4.36520004 18.63279915 6.32019997 3.000000 3.000000
4.38100004 18.63279915 6.31759977 3.000000 3.000000
4.36810017 18.77849960 6.44439983 3.000000 3.000000
4.23549986 18.63199997 6.33510017 3.000000 3.000000
4.28520012 18.63209915 6.32620001 3.000000 3.000000
4.29680014 18.63260078 6.32460022 3.000000 3.000000
4.30840015 18.63190079 6.32200003 3.000000 3.000000
4.31650019 18.63190079 6.32060003 3.000000 3.000000
4.33650017 18.63240051 6.31759977 3.000000 3.000000
4.35270023 18.63229942 6.31489992 3.000000 3.000000
4.37209988 18.77919960 6.43720007 3.000000 3.000000
4.23559999 18.63220024 6.32819986 3.000000 3.000000
4.24380016 18.63190079 6.32649994 3.000000 3.000000
4.26060009 18.63190079 6.32340002 3.000000 3.000000
4.27229977 18.63190079 6.32140017 3.000000 3.000000
4.28109980 18.63209915 6.32000017 3.000000 3.000000
4.28900003 18.63220024 6.31869984 3.000000 3.000000
4.30459976 18.63220024 6.31599998 3.000000 3.000000
4.32019997 18.63240051 6.31339979 3.000000 3.000000
4.33269978 18.63240051 6.31139994 3.000000 3.000000
4.36530018 18.63299942 6.30639982 3.000000 3.000000
4.37309980 18.63279915 6.30509996 3.000000 3.000000
4.37659979 18.77879906 6.42910004 3.000000 3.000000
4.23999977 18.63199997 6.32030010 3.000000 3.000000
4.24809980 18.63190079 6.31879997 3.000000 3.000000
4.25619984 18.63190079 6.31729984 3.000000 3.000000
4.27229977 18.63220024 6.31470013 3.000000 3.000000
4.30079985 18.63220024 6.30970001 3.000000 3.000000
4.30859995 18.63179970 6.30800009 3.000000 3.000000
4.31650019 18.63240051 6.30719995 3.000000 3.000000
4.32840014 18.63269997 6.30539989 3.000000 3.000000
4.34070015 18.63290024 6.30350018 3.000000 3.000000
4.35270023 18.63269997 6.30140018 3.000000 3.000000
4.36539984 18.63269997 6.29930019 3.000000 3.000000
4.38110018 18.63319969 6.29720020 3.000000 3.000000
4.37230015 18.77910042 6.42290020 3.000000 3.000000
4.26079988 18.63190079 6.30950022 3.000000 3.000000
4.30469990 18.63240051 6.30229998 3.000000 3.000000
4.31269979 18.63260078 6.30100012 3.000000 3.000000
4.32849979 18.63229942 6.29809999 3.000000 3.000000
4.33669996 18.63249969 6.29699993 3.000000 3.000000
4.34509993 18.63229942 6.29530001 3.000000 3.000000
4.35279989 18.63260078 6.29440022 3.000000 3.000000
4.36110020 18.63260078 6.29300022 3.000000 3.000000
4.37739992 18.63299942 6.29069996 3.000000 3.000000
4.36829996 18.77890015 6.41629982 3.000000 3.000000
4.23999977 18.63220024 6.30670023 3.000000 3.000000
4.25619984 18.63220024 6.30369997 3.000000 3.000000
4.26889992 18.63170052 6.30100012 3.000000 3.000000
4.27680016 18.63199997 6.29990005 3.000000 3.000000
4.29339981 18.63209915 6.29710007 3.000000 3.000000
4.31290007 18.63220024 6.29379988 3.000000 3.000000
4.33669996 18.63279915 6.29029989 3.000000 3.000000
4.34520006 18.63229942 6.28840017 3.000000 3.000000
4.36929989 18.63310051 6.28520012 3.000000 3.000000
4.37750006 18.63290024 6.28380013 3.000000 3.000000
4.36840010 18.77890015 6.40920019 3.000000 3.000000
4.24009991 18.63240051 6.29979992 3.000000 3.000000
4.28550005 18.63209915 6.29150009 3.000000 3.000000
4.29339981 18.63209915 6.29010010 3.000000 3.000000
4.30100012 18.63179970 6.28859997 3.000000 3.000000
4.30870008 18.63220024 6.28760004 3.000000 3.000000
4.32040024 18.63240051 6.28579998 3.000000 3.000000
4.32859993 18.63220024 6.28420019 3.000000 3.000000
4.36119986 18.63290024 6.27950001 3.000000 3.000000
4.37760019 18.63269997 6.27670002 3.000000 3.000000
4.37669992 18.77919960 6.40110016 3.000000 3.000000
4.24830008 18.63209915 6.29120016 3.000000 3.000000
4.25640011 18.63199997 6.28970003 3.000000 3.000000
4.27689981 18.63220024 6.28620005 3.000000 3.000000
4.29729986 18.63199997 6.28249979 3.000000 3.000000
4.30880022 18.63190079 6.28049994 3.000000 3.000000
4.31680012 18.63190079 6.27909994 3.000000 3.000000
4.32450008 18.63159943 6.27759981 3.000000 3.000000
4.34110022 18.63229942 6.27530003 3.000000 3.000000
4.36129999 18.63249969 6.27220011 3.000000 3.000000
4.36859989 18.77820015 6.39440012 3.000000 3.000000
4.38079977 18.77939987 6.39349985 3.000000 3.000000
4.23600006 18.63199997 6.28649998 3.000000 3.000000
4.25629997 18.63229942 6.28310013 3.000000 3.000000
4.27699995 18.63199997 6.27909994 3.000000 3.000000
4.28929996 18.63229942 6.27720022 3.000000 3.000000
4.30509996 18.63170052 6.27409983 3.000000 3.000000
4.31300020 18.63240051 6.27330017 3.000000 3.000000
4.32450008 18.63190079 6.27089977 3.000000 3.000000
4.33680010 18.63279915 6.26959991 3.000000 3.000000
4.36129999 18.63279915 6.26560020 3.000000 3.000000
4.36959982 18.63249969 6.26399994 3.000000 3.000000
4.36859989 18.77840042 6.38759995 3.000000 3.000000
4.25239992 18.63240051 6.27689981 3.000000 3.000000
4.28950024 18.63190079 6.26999998 3.000000 3.000000
4.29729986 18.63269997 6.26929998 3.000000 3.000000
4.31300020 18.63249969 6.26650000 3.000000 3.000000
4.32060003 18.63229942 6.26510000 3.000000 3.000000
4.36140013 18.63290024 6.25880003 3.000000 3.000000
4.37349987 18.63279915 6.25680017 3.000000 3.000000
4.38149977 18.63299942 6.25570011 3.000000 3.000000
4.24429989 18.63170052 6.27089977 3.000000 3.000000
4.26910019 18.63190079 6.26669979 3.000000 3.000000
4.27710009 18.63209915 6.26550007 3.000000 3.000000
4.31689978 18.63220024 6.25869989 3.000000 3.000000
4.32460022 18.63229942 6.25750017 3.000000 3.000000
4.36959982 18.63279915 6.25059986 3.000000 3.000000
4.37279987 18.77869987 6.37309980 3.000000 3.000000
4.38100004 18.77919960 6.37220001 3.000000 3.000000
4.26119995 18.63179970 6.26109982 3.000000 3.000000
4.26919985 18.63179970 6.25969982 3.000000 3.000000
4.28579998 18.63209915 6.25710011 3.000000 3.000000
4.30900002 18.63209915 6.25309992 3.000000 3.000000
4.32070017 18.63220024 6.25120020 3.000000 3.000000
4.34130001 18.63229942 6.24790001 3.000000 3.000000
4.34870005 18.63310051 6.24739981 3.000000 3.000000
4.35780001 18.63240051 6.24529982 3.000000 3.000000
4.36959982 18.63299942 6.24389982 3.000000 3.000000
4.24440002 18.63199997 6.25740004 3.000000 3.000000
4.27290010 18.63199997 6.25239992 3.000000 3.000000
4.28579998 18.63249969 6.25050020 3.000000 3.000000
4.30140018 18.63190079 6.24739981 3.000000 3.000000
4.32889986 18.63279915 6.24350023 3.000000 3.000000
4.33710003 18.63260078 6.24200010 3.000000 3.000000
4.35330009 18.63209915 6.23890018 3.000000 3.000000
4.36590004 18.63290024 6.23750019 3.000000 3.000000
4.37769985 18.63369942 6.23640013 3.000000 3.000000
4.23619986 18.63240051 6.25239992 3.000000 3.000000
4.25269985 18.63209915 6.24919987 3.000000 3.000000
4.26539993 18.63240051 6.24720001 3.000000 3.000000
4.27290010 18.63220024 6.24569988 3.000000 3.000000
4.29370022 18.63269997 6.24249983 3.000000 3.000000
4.32079983 18.63249969 6.23780012 3.000000 3.000000
4.32900000 18.63249969 6.23649979 3.000000 3.000000
4.33690023 18.63380051 6.23619986 3.000000 3.000000
4.24450016 18.63199997 6.24370003 3.000000 3.000000
4.25279999 18.63190079 6.24209976 3.000000 3.000000
4.28590012 18.63220024 6.23659992 3.000000 3.000000
4.23640013 18.63190079 6.23820019 3.000000 3.000000
4.29330015 18.77750015 5.47599983 3.000000 3.000000
4.37860012 18.63369942 5.63100004 3.000000 3.000000
4.36999989 18.77939987 5.73780012 3.000000 3.000000
4.35069990 18.63249969 5.62790012 3.000000 3.000000
4.36299992 18.63249969 5.62620020 3.000000 3.000000
4.37099981 18.63299942 5.62550020 3.000000 3.000000
4.37879992 18.63269997 5.62419987 3.000000 3.000000
4.30660009 18.63179970 5.62760019 3.000000 3.000000
4.31430006 18.63199997 5.62659979 3.000000 3.000000
4.32219982 18.63260078 5.62589979 3.000000 3.000000
4.32980013 18.63269997 5.62489986 3.000000 3.000000
4.35839987 18.63290024 5.62099981 3.000000 3.000000
4.37489986 18.63290024 5.61880016 3.000000 3.000000
4.29899979 18.63269997 5.62330008 3.000000 3.000000
4.30670023 18.63170052 5.62139988 3.000000 3.000000
4.32590008 18.63290024 5.61950016 3.000000 3.000000
4.34229994 18.63310051 5.61740017 3.000000 3.000000
4.35410023 18.63310051 5.61569977 3.000000 3.000000
4.37109995 18.63310051 5.61339998 3.000000 3.000000
4.37890005 18.63279915 5.61210012 3.000000 3.000000
4.37419987 18.77890015 5.71810007 3.000000 3.000000
4.29909992 18.63229942 5.61689997 3.000000 3.000000
4.30670023 18.63199997 5.61560011 3.000000 3.000000
4.31430006 18.63229942 5.61469984 3.000000 3.000000
4.32600021 18.63269997 5.61329985 3.000000 3.000000
4.33860016 18.63249969 5.61140013 3.000000 3.000000
4.35419989 18.63269997 5.60930014 3.000000 3.000000
4.37120008 18.63299942 5.60720015 3.000000 3.000000
4.37890005 18.63299942 5.60620022 3.000000 3.000000
4.30670023 18.63209915 5.60960007 3.000000 3.000000
4.33860016 18.63290024 5.60559988 3.000000 3.000000
4.34660006 18.63310051 5.60459995 3.000000 3.000000
4.36679983 18.63330078 5.60200024 3.000000 3.000000
4.38320017 18.63330078 5.59980011 3.000000 3.000000
4.37419987 18.77899933 5.70580006 3.000000 3.000000
4.33430004 18.63260078 5.59989977 3.000000 3.000000
4.37130022 18.63310051 5.59520006 3.000000 3.000000
4.37430000 18.77910042 5.69960022 3.000000 3.000000
4.30299997 18.63240051 5.59819984 3.000000 3.000000
4.32630014 18.63240051 5.59490013 3.000000 3.000000
4.35099983 18.63240051 5.59140015 3.000000 3.000000
4.37130022 18.63290024 5.58900023 3.000000 3.000000
4.37039995 18.77949905 5.69420004 3.000000 3.000000
4.37830019 18.77969933 5.69329977 3.000000 3.000000
4.31459999 18.63199997 5.59019995 3.000000 3.000000
4.32630014 18.63260078 5.58900023 3.000000 3.000000
4.33869982 18.63290024 5.58739996 3.000000 3.000000
4.35869980 18.63310051 5.58479977 3.000000 3.000000
4.36709976 18.63269997 5.58339977 3.000000 3.000000
4.37909985 18.63279915 5.58179998 3.000000 3.000000
4.37440014 18.77919960 5.68720007 3.000000 3.000000
4.30690002 18.63240051 5.58549976 3.000000 3.000000
4.31459999 18.63199997 5.58419991 3.000000 3.000000
4.36700010 18.63310051 5.57770014 3.000000 3.000000
4.37919998 18.63290024 5.57590008 3.000000 3.000000
4.37449980 18.77890015 5.68079996 3.000000 3.000000
4.31090021 18.63209915 5.57880020 3.000000 3.000000
4.32630014 18.63269997 5.57700014 3.000000 3.000000
4.33890009 18.63279915 5.57530022 3.000000 3.000000
4.36709976 18.63290024 5.57149982 3.000000 3.000000
4.37529993 18.63299942 5.57040024 3.000000 3.000000
4.36649990 18.77919960 5.67589998 3.000000 3.000000
4.37839985 18.77980042 5.67469978 3.000000 3.000000
4.32649994 18.63240051 5.57070017 3.000000 3.000000
4.33890009 18.63290024 5.56930017 3.000000 3.000000
4.36339998 18.63269997 5.56580019 3.000000 3.000000
4.37540007 18.63269997 5.56419992 3.000000 3.000000
4.31479979 18.63199997 5.56610012 3.000000 3.000000
4.32280016 18.63220024 5.56510019 3.000000 3.000000
4.33459997 18.63269997 5.56379986 3.000000 3.000000
4.34280014 18.63260078 5.56250000 3.000000 3.000000
4.36359978 18.63240051 5.55959988 3.000000 3.000000
4.37160015 18.63279915 5.55880022 3.000000 3.000000
4.37939978 18.63269997 5.55770016 3.000000 3.000000
4.37069988 18.77890015 5.66279984 3.000000 3.000000
4.37860012 18.77910042 5.66190004 3.000000 3.000000
4.36359978 18.63240051 5.55359983 3.000000 3.000000
4.37550020 18.63269997 5.55219984 3.000000 3.000000
4.38360023 18.63299942 5.55130005 3.000000 3.000000
4.36660004 18.77939987 5.65740013 3.000000 3.000000
4.37860012 18.77939987 5.65590000 3.000000 3.000000
4.32660007 18.63240051 5.55259991 3.000000 3.000000
4.34289980 18.63279915 5.55060005 3.000000 3.000000
4.35470009 18.63269997 5.54899979 3.000000 3.000000
4.37080002 18.77930069 5.65070009 3.000000 3.000000
4.33909988 18.63310051 5.54540014 3.000000 3.000000
4.37960005 18.63249969 5.53950024 3.000000 3.000000
4.37080002 18.77939987 5.64459991 3.000000 3.000000
4.33920002 18.63290024 5.53929996 3.000000 3.000000
4.37550020 18.63319969 5.53459978 3.000000 3.000000
4.32289982 18.63249969 5.53529978 3.000000 3.000000
4.34310007 18.63240051 5.53240013 3.000000 3.000000
4.35909986 18.63299942 5.53060007 3.000000 3.000000
4.36749983 18.63290024 5.52939987 3.000000 3.000000
4.38380003 18.63310051 5.52740002 3.000000 3.000000
4.33489990 18.63290024 5.52790022 3.000000 3.000000
4.35480022 18.63330078 5.52540016 3.000000 3.000000
4.36689997 18.77919960 5.62650013 3.000000 3.000000
4.32679987 18.63290024 5.52309990 3.000000 3.000000
4.33920002 18.63319969 5.52159977 3.000000 3.000000
4.35160017 18.63279915 5.51959991 3.000000 3.000000
4.37960005 18.63330078 5.51620007 3.000000 3.000000
4.37109995 18.77910042 5.61980009 3.000000 3.000000
4.37890005 18.77969933 5.61929989 3.000000 3.000000
4.33080006 18.63240051 5.51620007 3.000000 3.000000
4.34740019 18.63290024 5.51429987 3.000000 3.000000
4.35500002 18.63290024 5.51319981 3.000000 3.000000
4.37970018 18.63299942 5.51000023 3.000000 3.000000
4.37890005 18.77960014 5.61299992 3.000000 3.000000
4.33949995 18.63229942 5.50899982 3.000000 3.000000
4.35169983 18.63240051 5.50740004 3.000000 3.000000
4.35939980 18.63279915 5.50670004 3.000000 3.000000
4.37580013 18.63310051 5.50470018 3.000000 3.000000
4.33529997 18.63199997 5.50339985 3.000000 3.000000
4.34759998 18.63240051 5.50199986 3.000000 3.000000
4.37209988 18.63290024 5.49910021 3.000000 3.000000
4.38399982 18.63339996 5.49779987 3.000000 3.000000
4.36709976 18.77939987 5.60220003 3.000000 3.000000
4.37510014 18.77899933 5.60090017 3.000000 3.000000
4.33080006 18.63310051 5.49879980 3.000000 3.000000
4.34759998 18.63249969 5.49609995 3.000000 3.000000
4.38409996 18.63319969 5.49179983 3.000000 3.000000
4.37519979 18.77899933 5.59469986 3.000000 3.000000
4.33970022 18.63240051 5.49119997 3.000000 3.000000
4.36399984 18.63319969 5.48850012 3.000000 3.000000
4.33529997 18.63269997 5.48600006 3.000000 3.000000
4.35960007 18.63290024 5.48290014 3.000000 3.000000
4.36730003 18.77919960 5.58379984 3.000000 3.000000
4.37529993 18.77899933 5.58249998 3.000000 3.000000
4.34770012 18.63269997 5.47849989 3.000000 3.000000
4.35519981 18.63319969 5.47779989 3.000000 3.000000
4.38420010 18.63339996 5.47410011 3.000000 3.000000
4.37139988 18.77919960 5.57709980 3.000000 3.000000
4.35190010 18.63279915 5.47200012 3.000000 3.000000
4.34359980 18.63269997 5.46719980 3.000000 3.000000
4.35190010 18.63319969 5.46640015 3.000000 3.000000
4.36800003 18.63290024 5.46409988 3.000000 3.000000
4.38009977 18.63299942 5.46250010 3.000000 3.000000
4.37629986 18.63279915 5.45709991 3.000000 3.000000
4.37939978 18.77980042 5.55830002 3.000000 3.000000
4.35550022 18.63260078 5.45370007 3.000000 3.000000
4.36450005 18.63249969 5.44659996 3.000000 3.000000
4.37239981 18.63369942 5.44640017 3.000000 3.000000
4.37160015 18.77930069 5.54689980 3.000000 3.000000
4.37949991 18.77989960 5.54629993 3.000000 3.000000
4.38030005 18.63290024 5.43889999 3.000000 3.000000
4.37169981 18.77930069 5.54080009 3.000000 3.000000
4.37949991 18.78009987 5.54040003 3.000000 3.000000
4.35559988 18.63290024 5.43629980 3.000000 3.000000
4.36770010 18.77930069 5.53529978 3.000000 3.000000
4.35580015 18.63240051 5.42999983 3.000000 3.000000
4.36829996 18.63290024 5.42880011 3.000000 3.000000
4.37639999 18.63319969 5.42789984 3.000000 3.000000
4.37960005 18.77980042 5.52810001 3.000000 3.000000
4.36009979 18.63249969 5.42369986 3.000000 3.000000
4.38049984 18.63299942 5.42140007 3.000000 3.000000
4.37169981 18.78000069 5.52320004 3.000000 3.000000
4.37970018 18.77939987 5.52180004 3.000000 3.000000
4.25990009 18.63240051 6.18800020 3.000000 3.000000
4.32810020 18.63290024 6.15869999 3.000000 3.000000
4.30259991 18.76230049 5.86089993 3.000000 3.000000
4.28039980 18.63080025 5.28520012 3.000000 3.000000
4.30319977 18.69949913 5.53959990 3.000000 3.000000
4.31190014 18.77319908 6.64319992 3.000000 3.000000
4.22910023 18.63190079 5.42880011 3.000000 3.000000
4.22779989 18.78540039 5.42880011 3.000000 3.000000
4.22760010 18.78540039 5.42100000 3.000000 3.000000
4.30200005 18.76300049 5.67659998 3.000000 3.000000
4.30889988 18.67329979 6.61229992 3.000000 3.000000
4.30369997 18.76580048 6.65789986 3.000000 3.000000
4.30280018 18.73929977 5.57849979 3.000000 3.000000
4.30259991 18.75589943 5.61499977 3.000000 3.000000
4.30849981 18.70849991 6.65600014 3.000000 3.000000
4.30289984 18.73150063 5.68190002 3.000000 3.000000
4.30819988 18.75279999 6.59880018 3.000000 3.000000
4.30789995 18.76390076 6.65269995 3.000000 3.000000
4.30229998 18.75550079 5.67579985 3.000000 3.000000
4.30480003 18.68939972 6.66340017 3.000000 3.000000
4.30410004 18.72979927 6.00250006 3.000000 3.000000
4.30369997 18.74710083 6.62330008 3.000000 3.000000
4.30229998 18.74769974 5.55340004 3.000000 3.000000
4.23570013 18.77639961 5.35340023 3.000000 3.000000
4.30359983 18.75270081 6.64930010 3.000000 3.000000
4.32399988 18.78170013 6.64020014 3.000000 3.000000
4.25979996 18.63260078 5.36310005 3.000000 3.000000
4.30229998 18.73870087 5.66510010 3.000000 3.000000
4.30830002 18.74559975 6.63390017 3.000000 3.000000
4.30280018 18.71439934 5.87270021 3.000000 3.000000
4.30259991 18.74679947 5.75349998 3.000000 3.000000
4.38710022 18.63899994 6.54939985 3.000000 3.000000
4.31290007 18.63100052 5.62190008 3.000000 3.000000
4.30280018 18.72220039 5.78569984 3.000000 3.000000
4.30229998 18.76259995 5.77279997 3.000000 3.000000
4.29879999 18.77099991 5.69379997 3.000000 3.000000
4.22919989 18.77750015 6.34270000 3.000000 3.000000
4.34040022 18.63229942 5.40789986 3.000000 3.000000
4.30389977 18.74699974 6.61469984 3.000000 3.000000
4.30219984 18.71450043 5.80210018 3.000000 3.000000
4.22779989 18.78540039 5.46000004 3.000000 3.000000
4.27600002 18.78030014 5.35900021 3.000000 3.000000
4.30280018 18.68449974 5.58090019 3.000000 3.000000
4.27150011 18.63319969 6.29600000 3.000000 3.000000
4.30480003 18.71669960 6.00260019 3.000000 3.000000
4.38530016 18.78590012 6.52909994 3.000000 3.000000
4.29729986 18.77219963 5.34829998 3.000000 3.000000
4.32250023 18.78179932 6.60500002 3.000000 3.000000
4.38570023 18.78599930 6.57200003 3.000000 3.000000
4.26310015 18.63260078 5.56930017 3.000000 3.000000
4.22749996 18.78680038 6.10890007 3.000000 3.000000
4.30340004 18.76479912 6.19659996 3.000000 3.000000
4.30210018 18.74900055 5.27939987 3.000000 3.000000
4.30740023 18.63080025 5.31969976 3.000000 3.000000
4.29769993 18.77169991 5.47690010 3.000000 3.000000
4.30229998 18.75699997 5.37389994 3.000000 3.000000
4.30800009 18.74580002 6.67110014 3.000000 3.000000
4.30229998 18.76210022 5.87849998 3.000000 3.000000
4.30299997 18.71459961 5.82880020 3.000000 3.000000
4.30270004 18.67900085 5.29769993 3.000000 3.000000
4.30810022 18.72760010 6.66750002 3.000000 3.000000
4.30280018 18.73189926 5.58629990 3.000000 3.000000
4.28609991 18.63059998 5.68130016 3.000000 3.000000
4.21549988 18.62879944 5.22959995 3.000000 3.000000
4.30259991 18.74670029 5.78859997 3.000000 3.000000
4.30229998 18.73220062 5.49130011 3.000000 3.000000
4.38520002 18.78269958 6.53579998 3.000000 3.000000
4.30919981 18.69799995 6.63119984 3.000000 3.000000
4.30249977 18.75519943 5.74569988 3.000000 3.000000
4.28359985 18.63190079 6.12909985 3.000000 3.000000
4.30870008 18.69109917 6.61579990 3.000000 3.000000
4.30270004 18.69169998 5.76450014 3.000000 3.000000
4.30329990 18.67849922 5.43419981 3.000000 3.000000
4.27619982 18.78030014 5.38469982 3.000000 3.000000
4.27860022 18.78019905 5.53999996 3.000000 3.000000
4.26189995 18.63240051 5.53450012 3.000000 3.000000
4.30299997 18.75519943 5.79860020 3.000000 3.000000
4.26039982 18.77840042 5.53639984 3.000000 3.000000
4.26039982 18.63229942 6.13399982 3.000000 3.000000
4.29740000 18.77179909 5.45100021 3.000000 3.000000
4.30970001 18.77039909 6.65959978 3.000000 3.000000
4.30340004 18.74710083 6.64930010 3.000000 3.000000
4.30889988 18.63069916 5.44810009 3.000000 3.000000
4.28249979 18.78009987 5.82009983 3.000000 3.000000
4.30889988 18.71190071 6.61940002 3.000000 3.000000
4.30240011 18.75600052 5.58029985 3.000000 3.000000
4.30249977 18.71549988 5.62769985 3.000000 3.000000
4.28579998 18.63039970 5.70720005 3.000000 3.000000
4.30130005 18.63240051 6.15789986 3.000000 3.000000
4.30800009 18.76390076 6.65990019 3.000000 3.000000
4.22770023 18.77919960 5.72039986 3.000000 3.000000
4.30380011 18.75270081 6.65819979 3.000000 3.000000
4.30280018 18.70750046 5.53170013 3.000000 3.000000
4.30299997 18.71489906 5.77610016 3.000000 3.000000
4.30880022 18.72730064 6.62249994 3.000000 3.000000
4.31409979 18.63369942 6.25400019 3.000000 3.000000
4.29890013 18.63330078 6.40360022 3.000000 3.000000
4.30229998 18.72419930 5.32779980 3.000000 3.000000
4.32600021 18.63409996 6.36199999 3.000000 3.000000
4.30319977 18.74710083 6.63180017 3.000000 3.000000
4.36810017 18.63019943 6.67309999 3.000000 3.000000
4.35410023 18.63100052 6.65670013 3.000000 3.000000
4.37449980 18.63159943 6.64639997 3.000000 3.000000
4.36819983 18.63139915 6.63780022 3.000000 3.000000
4.36079979 18.63139915 6.62050009 3.000000 3.000000
4.34800005 18.63139915 6.60370016 3.000000 3.000000
4.36840010 18.63190079 6.59329987 3.000000 3.000000
4.37480021 18.63159943 6.59270000 3.000000 3.000000
4.38380003 18.77989960 6.66790009 3.000000 3.000000
4.37690020 18.77799988 6.65850019 3.000000 3.000000
4.34819984 18.63129997 6.57690001 3.000000 3.000000
4.35470009 18.63150024 6.54969978 3.000000 3.000000
4.36149979 18.63080025 6.53109980 3.000000 3.000000
4.35489988 18.63170052 6.52320004 3.000000 3.000000
4.36149979 18.63120079 6.52239990 3.000000 3.000000
4.35489988 18.63190079 6.51440001 3.000000 3.000000
4.36959982 18.77759933 6.57760000 3.000000 3.000000
4.30259991 18.75670052 5.44250011 3.000000 3.000000
4.29460001 18.77639961 5.79790020 3.000000 3.000000
4.30270004 18.73229980 5.50860023 3.000000 3.000000
4.30259991 18.74629974 5.86780024 3.000000 3.000000
4.30240011 18.68519974 5.40889978 3.000000 3.000000
4.30310011 18.68359947 5.79869986 3.000000 3.000000
4.30880022 18.72730064 6.62979984 3.000000 3.000000
4.30289984 18.69799995 5.82679987 3.000000 3.000000
4.29390001 18.77689934 5.65780020 3.000000 3.000000
4.27839994 18.77969933 5.63509989 3.000000 3.000000
4.24039984 18.77980042 6.11539984 3.000000 3.000000
4.33790016 18.63179970 5.34719992 3.000000 3.000000
4.30359983 18.65579987 6.00190020 3.000000 3.000000
4.30270004 18.71500015 5.72349977 3.000000 3.000000
4.30999994 18.77020073 6.63710022 3.000000 3.000000
4.30880022 18.72719955 6.61520004 3.000000 3.000000
4.30399990 18.74040031 6.65850019 3.000000 3.000000
4.30210018 18.75720024 5.30569983 3.000000 3.000000
4.30280018 18.69300079 5.51289988 3.000000 3.000000
4.30880022 18.71209908 6.64900017 3.000000 3.000000
4.30340004 18.73089981 5.83090019 3.000000 3.000000
4.30229998 18.72349930 5.49030018 3.000000 3.000000
4.30240011 18.73279953 5.38840008 3.000000 3.000000
4.30270004 18.72450066 5.31090021 3.000000 3.000000
4.23460007 18.77619934 5.31909990 3.000000 3.000000
4.29729986 18.77210045 5.38250017 3.000000 3.000000
4.30249977 18.75539970 5.71950006 3.000000 3.000000
4.27729988 18.77989960 5.52229977 3.000000 3.000000
4.30289984 18.69140053 5.84350014 3.000000 3.000000
4.30329990 18.70619965 5.83669996 3.000000 3.000000
4.28009987 18.63059998 5.30200005 3.000000 3.000000
4.28319979 18.63190079 6.17780018 3.000000 3.000000
4.30450010 18.71599960 5.87760019 3.000000 3.000000
4.29860020 18.77129936 5.63280010 3.000000 3.000000
4.30359983 18.65579987 5.98629999 3.000000 3.000000
4.30280018 18.69359970 5.38439989 3.000000 3.000000
4.28249979 18.63030052 5.50729990 3.000000 3.000000
4.30270004 18.74710083 5.70979977 3.000000 3.000000
4.30280018 18.73880005 5.68270016 3.000000 3.000000
4.30280018 18.74799919 5.52769995 3.000000 3.000000
4.27659988 18.77989960 5.48750019 3.000000 3.000000
4.30249977 18.74020004 5.38070011 3.000000 3.000000
4.30249977 18.73209953 5.52580023 3.000000 3.000000
4.30200005 18.76370049 5.53779984 3.000000 3.000000
4.29309988 18.77759933 5.45870018 3.000000 3.000000
4.30880022 18.74539948 6.61140013 3.000000 3.000000
4.32340002 18.63290024 6.17560005 3.000000 3.000000
4.22970009 18.63170052 5.49709988 3.000000 3.000000
4.30200005 18.72439957 5.28520012 3.000000 3.000000
4.30249977 18.73800087 5.82259989 3.000000 3.000000
4.30270004 18.71710014 5.29320002 3.000000 3.000000
4.28210020 18.63039970 5.47289991 3.000000 3.000000
4.30900002 18.69459915 6.63810015 3.000000 3.000000
4.38409996 18.78350067 6.66099977 3.000000 3.000000
4.27619982 18.78009987 5.41879988 3.000000 3.000000
4.30259991 18.75539970 5.71080017 3.000000 3.000000
4.30259991 18.74699974 5.71850014 3.000000 3.000000
4.23780012 18.77659988 5.44780016 3.000000 3.000000
4.38530016 18.78580093 6.51480007 3.000000 3.000000
4.30200005 18.63260078 6.12150002 3.000000 3.000000
4.30859995 18.67770004 6.66489983 3.000000 3.000000
4.28389978 18.63059998 5.55079985 3.000000 3.000000
4.29370022 18.77700043 5.61429977 3.000000 3.000000
4.30270004 18.72249985 5.71560001 3.000000 3.000000
4.34299994 18.63220024 6.20480013 3.000000 3.000000
4.30490017 18.66990089 5.89300013 3.000000 3.000000
4.30310011 18.67679977 5.78039980 3.000000 3.000000
4.29879999 18.77140045 5.61549997 3.000000 3.000000
4.30340004 18.75180054 6.23019981 3.000000 3.000000
4.22609997 18.78009987 5.43559980 3.000000 3.000000
4.30299997 18.69849968 5.73909998 3.000000 3.000000
4.30119991 18.63240051 6.17010021 3.000000 3.000000
4.34310007 18.63190079 6.15579987 3.000000 3.000000
4.31160021 18.63100052 5.55219984 3.000000 3.000000
4.22800016 18.78779984 6.65059996 3.000000 3.000000
4.30310011 18.67130089 5.40579987 3.000000 3.000000
4.30249977 18.71439934 5.85500002 3.000000 3.000000
4.30280018 18.72330093 5.55940008 3.000000 3.000000
4.30340004 18.69919968 5.61740017 3.000000 3.000000
4.30249977 18.73800087 5.84030008 3.000000 3.000000
4.29670000 18.77239990 5.28849983 3.000000 3.000000
4.30929995 18.68409920 6.65059996 3.000000 3.000000
4.30830002 18.68799973 6.65969992 3.000000 3.000000
4.30249977 18.70789909 5.42850018 3.000000 3.000000
4.30289984 18.69939995 5.54809999 3.000000 3.000000
4.30280018 18.73189926 5.59499979 3.000000 3.000000
4.30229998 18.73929977 5.55240011 3.000000 3.000000
4.30900002 18.69120026 6.64480019 3.000000 3.000000
4.38689995 18.63909912 6.57130003 3.000000 3.000000
4.30229998 18.76239967 5.80789995 3.000000 3.000000
4.30299997 18.67880058 5.34870005 3.000000 3.000000
4.29869986 18.77129936 5.62410021 3.000000 3.000000
4.28090000 18.63059998 5.34460020 3.000000 3.000000
4.30270004 18.73900032 5.63049984 3.000000 3.000000
4.30259991 18.70599937 5.81879997 3.000000 3.000000
4.30329990 18.68429947 5.66779995 3.000000 3.000000
4.30280018 18.69910049 5.59989977 3.000000 3.000000
4.30240011 18.74880028 5.33900023 3.000000 3.000000
4.22879982 18.63240051 5.30170012 3.000000 3.000000
4.22980022 18.63190079 5.46309996 3.000000 3.000000
4.30429983 18.75270081 6.66720009 3.000000 3.000000
4.35340023 18.63380051 6.38810015 3.000000 3.000000
4.34560013 18.63240051 5.71250010 3.000000 3.000000
4.29949999 18.77370071 5.90819979 3.000000 3.000000
4.30249977 18.70660019 5.68750000 3.000000 3.000000
4.30249977 18.70039940 5.30830002 3.000000 3.000000
4.30410004 18.71590042 5.86199999 3.000000 3.000000
4.30329990 18.69300079 5.53889990 3.000000 3.000000
4.34019995 18.63419914 6.28020000 3.000000 3.000000
4.28259993 18.63039970 5.49879980 3.000000 3.000000
4.30259991 18.71649933 5.42089987 3.000000 3.000000
4.30289984 18.75589943 5.64120007 3.000000 3.000000
4.30210018 18.73259926 5.40539980 3.000000 3.000000
4.30329990 18.67790031 5.55439997 3.000000 3.000000
4.23649979 18.77630043 5.43030024 3.000000 3.000000
4.29390001 18.77720070 5.58830023 3.000000 3.000000
4.26020002 18.63249969 5.40570021 3.000000 3.000000
4.26259995 18.63249969 5.56050014 3.000000 3.000000
4.30340004 18.74370003 6.00250006 3.000000 3.000000
4.34100008 18.63240051 5.42519999 3.000000 3.000000
4.30289984 18.69230080 5.66860008 3.000000 3.000000
4.29780006 18.77210045 5.41680002 3.000000 3.000000
4.30319977 18.73959923 5.54409981 3.000000 3.000000
4.22069979 18.77939987 5.23869991 3.000000 3.000000
4.29930019 18.77039909 5.85179996 3.000000 3.000000
4.31409979 18.77659988 6.64900017 3.000000 3.000000
4.24709988 18.63360023 6.18879986 3.000000 3.000000
4.30819988 18.71590042 6.60629988 3.000000 3.000000
4.35510015 18.63380051 6.19850016 3.000000 3.000000
4.25969982 18.63229942 5.43100023 3.000000 3.000000
4.25939989 18.77829933 5.51240015 3.000000 3.000000
4.29640007 18.77230072 5.27150011 3.000000 3.000000
4.29890013 18.77079964 5.73750019 3.000000 3.000000
4.36810017 18.63360023 6.17100000 3.000000 3.000000
4.22889996 18.63229942 5.34399986 3.000000 3.000000
4.22700024 18.77969933 5.57310009 3.000000 3.000000
4.28090000 18.78000069 5.73180008 3.000000 3.000000
4.30289984 18.70639992 5.75759983 3.000000 3.000000
4.30380011 18.70039940 5.93979979 3.000000 3.000000
4.30310011 18.69370079 5.37589979 3.000000 3.000000
4.30219984 18.74040031 5.31250000 3.000000 3.000000
4.30329990 18.67869949 5.40000010 3.000000 3.000000
4.30359983 18.75860023 6.25540018 3.000000 3.000000
4.30399990 18.74040031 6.64099979 3.000000 3.000000
4.30779982 18.73520088 6.66190004 3.000000 3.000000
4.30310011 18.71470070 5.82000017 3.000000 3.000000
4.31199980 18.77309990 6.62839985 3.000000 3.000000
4.30229998 18.74900055 5.29640007 3.000000 3.000000
4.30840015 18.72730064 6.60820007 3.000000 3.000000
4.22800016 18.63220024 5.28459978 3.000000 3.000000
4.27990007 18.78009987 5.65299988 3.000000 3.000000
4.22870016 18.78660011 6.02729988 3.000000 3.000000
4.25960016 18.63269997 5.32060003 3.000000 3.000000
4.31470013 18.63380051 6.18639994 3.000000 3.000000
4.30940008 18.63100052 5.40560007 3.000000 3.000000
4.28049994 18.77989960 5.74039984 3.000000 3.000000
4.30259991 18.72200012 5.80319977 3.000000 3.000000
4.24079990 18.77680016 5.59499979 3.000000 3.000000
4.30280018 18.67869949 5.37419987 3.000000 3.000000
4.23740005 18.77659988 5.41359997 3.000000 3.000000
4.38560009 18.78599930 6.56489992 3.000000 3.000000
4.23850012 18.77650070 5.49949980 3.000000 3.000000
4.30369997 18.68519974 5.39359999 3.000000 3.000000
4.38660002 18.63920021 6.57889986 3.000000 3.000000
4.33750010 18.63310051 6.19509983 3.000000 3.000000
4.32429981 18.63319969 6.18190002 3.000000 3.000000
4.35340023 18.63369942 6.18310022 3.000000 3.000000
4.25339985 18.63260078 6.16620016 3.000000 3.000000
4.32439995 18.63319969 6.16909981 3.000000 3.000000
4.35330009 18.63310051 6.17030001 3.000000 3.000000
4.33790016 18.63299942 6.15689993 3.000000 3.000000
4.24280024 18.63360023 6.14050007 3.000000 3.000000
4.25400019 18.63339996 6.14090014 3.000000 3.000000
4.26730013 18.63330078 6.14139986 3.000000 3.000000
4.36530018 18.63290024 6.14529991 3.000000 3.000000
4.33799982 18.63269997 6.13149977 3.000000 3.000000
4.25400019 18.63249969 6.10270023 3.000000 3.000000
4.26760006 18.63279915 6.09060001 3.000000 3.000000
4.33820009 18.63229942 6.09329987 3.000000 3.000000
4.28569984 18.63050079 5.67250013 3.000000 3.000000
4.32520008 18.63290024 6.08010006 3.000000 3.000000
4.33850002 18.63279915 6.08059978 3.000000 3.000000
4.36590004 18.63290024 6.08160019 3.000000 3.000000
4.32530022 18.63290024 6.06739998 3.000000 3.000000
4.33879995 18.63299942 6.06790018 3.000000 3.000000
4.36609983 18.63299942 6.06890011 3.000000 3.000000
4.26830006 18.63369942 6.05259991 3.000000 3.000000
4.32539988 18.63269997 6.05459976 3.000000 3.000000
4.33869982 18.63249969 6.05509996 3.000000 3.000000
4.32539988 18.63249969 6.04190016 3.000000 3.000000
4.33890009 18.63260078 6.04239988 3.000000 3.000000
4.25549984 18.63430023 6.02670002 3.000000 3.000000
4.32569981 18.63290024 6.02920008 3.000000 3.000000
4.33909988 18.63279915 6.02969980 3.000000 3.000000
4.26889992 18.63409996 6.01450014 3.000000 3.000000
4.32579994 18.63290024 6.01650000 3.000000 3.000000
4.33920002 18.63279915 6.01700020 3.000000 3.000000
4.33930016 18.63290024 6.00430012 3.000000 3.000000
4.36679983 18.63279915 5.99259996 3.000000 3.000000
4.32630014 18.63310051 5.97840023 3.000000 3.000000
4.32660007 18.63299942 5.94029999 3.000000 3.000000
4.35570002 18.63339996 5.94140005 3.000000 3.000000
4.32679987 18.63290024 5.91489983 3.000000 3.000000
4.34030008 18.63299942 5.91540003 3.000000 3.000000
4.35589981 18.63310051 5.91590023 3.000000 3.000000
4.26410007 18.63249969 6.19770002 3.000000 3.000000
4.24930000 18.63369942 5.49459982 3.000000 3.000000
4.26020002 18.63290024 5.49480009 3.000000 3.000000
4.23530006 18.63279915 5.48159981 3.000000 3.000000
4.26030016 18.63279915 5.48220015 3.000000 3.000000
4.25409985 18.77829933 5.47520018 3.000000 3.000000
4.24930000 18.63299942 5.46929979 3.000000 3.000000
4.26060009 18.63310051 5.46960020 3.000000 3.000000
4.27370024 18.63260078 5.46990013 3.000000 3.000000
4.30280018 18.63240051 5.47060013 3.000000 3.000000
4.31759977 18.63240051 5.47090006 3.000000 3.000000
4.27390003 18.63269997 5.45720005 3.000000 3.000000
4.31799984 18.63299942 5.45830011 3.000000 3.000000
4.25439978 18.77840042 5.44980001 3.000000 3.000000
4.24959993 18.63319969 5.44399977 3.000000 3.000000
4.26079988 18.63299942 5.44430017 3.000000 3.000000
4.30310011 18.63269997 5.44530010 3.000000 3.000000
4.27430010 18.63290024 5.43200016 3.000000 3.000000
4.30329990 18.63290024 5.43270016 3.000000 3.000000
4.34509993 18.63310051 5.43370008 3.000000 3.000000
4.23579979 18.63249969 5.41839981 3.000000 3.000000
4.27419996 18.63260078 5.41930008 3.000000 3.000000
4.30329990 18.63240051 5.42000008 3.000000 3.000000
4.34530020 18.63330078 5.42100000 3.000000 3.000000
4.25489998 18.77879906 5.41160011 3.000000 3.000000
4.25010014 18.63339996 5.40609980 3.000000 3.000000
4.33190012 18.63290024 5.40799999 3.000000 3.000000
4.25479984 18.77829933 5.39879990 3.000000 3.000000
4.25019979 18.63339996 5.39349985 3.000000 3.000000
4.24230003 18.77869987 5.38579988 3.000000 3.000000
4.25019979 18.63319969 5.38089991 3.000000 3.000000
4.28989983 18.63310051 5.38180017 3.000000 3.000000
4.30380011 18.63260078 5.38210011 3.000000 3.000000
4.31869984 18.63269997 5.38240004 3.000000 3.000000
4.33249998 18.63380051 5.38280010 3.000000 3.000000
4.34569979 18.63319969 5.38299990 3.000000 3.000000
4.36129999 18.63339996 5.38339996 3.000000 3.000000
4.31879997 18.63269997 5.36980009 3.000000 3.000000
4.33249998 18.63349915 5.37010002 3.000000 3.000000
4.34569979 18.63299942 5.37039995 3.000000 3.000000
4.25530005 18.77840042 5.36059999 3.000000 3.000000
4.27500010 18.63279915 5.35610008 3.000000 3.000000
4.30380011 18.63220024 5.35680008 3.000000 3.000000
4.31879997 18.63229942 5.35710001 3.000000 3.000000
4.25070000 18.63339996 5.34299994 3.000000 3.000000
4.29020023 18.63279915 5.34380007 3.000000 3.000000
4.31890011 18.63229942 5.34439993 3.000000 3.000000
4.33249998 18.63290024 5.34480000 3.000000 3.000000
4.34590006 18.63279915 5.34499979 3.000000 3.000000
4.25570011 18.77879906 5.33519983 3.000000 3.000000
4.23680019 18.63279915 5.33010006 3.000000 3.000000
4.25070000 18.63319969 5.33039999 3.000000 3.000000
4.33249998 18.63260078 5.33209991 3.000000 3.000000
4.34609985 18.63299942 5.33239985 3.000000 3.000000
4.25570011 18.77860069 5.32240009 3.000000 3.000000
4.25589991 18.77869987 5.30970001 3.000000 3.000000
4.23699999 18.63260078 5.30480003 3.000000 3.000000
4.34630013 18.63290024 5.30709982 3.000000 3.000000
4.23719978 18.63279915 5.29220009 3.000000 3.000000
4.27549982 18.63260078 5.29300022 3.000000 3.000000
4.29069996 18.63299942 5.29330015 3.000000 3.000000
4.30469990 18.63269997 5.29360008 3.000000 3.000000
4.29080009 18.63269997 5.28070021 3.000000 3.000000
4.29290009 18.77770042 5.42439985 3.000000 3.000000
4.30070019 18.77199936 6.25379992 3.000000 3.000000
4.32749987 18.63349915 6.21290016 3.000000 3.000000
4.30289984 18.69860077 5.70419979 3.000000 3.000000
4.23600006 18.77639961 5.36199999 3.000000 3.000000
4.30249977 18.68519974 5.41750002 3.000000 3.000000
4.30880022 18.71960068 6.62839985 3.000000 3.000000
4.28639984 18.63319969 6.20079994 3.000000 3.000000
4.22760010 18.78529930 5.37440014 3.000000 3.000000
4.29740000 18.77239990 5.32280016 3.000000 3.000000
4.30249977 18.74889946 5.33050013 3.000000 3.000000
4.30889988 18.70159912 6.63950014 3.000000 3.000000
4.23759985 18.77659988 5.43930006 3.000000 3.000000
4.35570002 18.63330078 6.14440012 3.000000 3.000000
4.30289984 18.73310089 5.35449982 3.000000 3.000000
4.30149984 18.76449966 5.33190012 3.000000 3.000000
4.30270004 18.76300049 5.72049999 3.000000 3.000000
4.30299997 18.73089981 5.81320000 3.000000 3.000000
4.30289984 18.72319984 5.57670021 3.000000 3.000000
4.27220011 18.63339996 6.22840023 3.000000 3.000000
4.27640009 18.77989960 5.47030020 3.000000 3.000000
4.38399982 18.63299942 6.62419987 3.000000 3.000000
4.30219984 18.73850060 5.70860004 3.000000 3.000000
4.22669983 18.77980042 5.54720020 3.000000 3.000000
4.30299997 18.72270012 5.68959999 3.000000 3.000000
4.30219984 18.74760056 5.57929993 3.000000 3.000000
4.29869986 18.77389908 5.97049999 3.000000 3.000000
4.30229998 18.76409912 5.47760010 3.000000 3.000000
4.35440016 18.63389969 6.27960014 3.000000 3.000000
4.29250002 18.77779961 5.35580015 3.000000 3.000000
4.22660017 18.77949905 5.59880018 3.000000 3.000000
4.22660017 18.78030014 5.42729998 3.000000 3.000000
4.30410004 18.74040031 6.62360001 3.000000 3.000000
4.27930021 18.78039932 5.54890013 3.000000 3.000000
4.30259991 18.69960022 5.48769999 3.000000 3.000000
4.29269981 18.77770042 5.39860010 3.000000 3.000000
4.24090004 18.77700043 5.56920004 3.000000 3.000000
4.30880022 18.74189949 6.61800003 3.000000 3.000000
4.30270004 18.67900085 5.30620003 3.000000 3.000000
4.24429989 18.77720070 5.74389982 3.000000 3.000000
4.30219984 18.68499947 5.44309998 3.000000 3.000000
4.26070023 18.63260078 5.42290020 3.000000 3.000000
4.30259991 18.76259995 5.79050016 3.000000 3.000000
4.30249977 18.73850060 5.71750021 3.000000 3.000000
4.26440001 18.63240051 5.69080019 3.000000 3.000000
4.30299997 18.73270035 5.44000006 3.000000 3.000000
4.30249977 18.73839951 5.75250006 3.000000 3.000000
4.32320023 18.63310051 6.22459984 3.000000 3.000000
4.30299997 18.67830086 5.45979977 3.000000 3.000000
4.23290014 18.78100014 6.65339994 3.000000 3.000000
4.30289984 18.68549919 5.38350010 3.000000 3.000000
4.23839998 18.77659988 5.49090004 3.000000 3.000000
4.29449987 18.77599907 5.85949993 3.000000 3.000000
4.30329990 18.68370056 5.78999996 3.000000 3.000000
4.30200005 18.68560028 5.30660009 3.000000 3.000000
4.23309994 18.79190063 5.29169989 3.000000 3.000000
4.22650003 18.78019905 5.44430017 3.000000 3.000000
4.29790020 18.77169991 5.50279999 3.000000 3.000000
4.38520002 18.78310013 6.61569977 3.000000 3.000000
4.30280018 18.71509933 5.71479988 3.000000 3.000000
4.30810022 18.71990013 6.65859985 3.000000 3.000000
4.32250023 18.78210068 6.66389990 3.000000 3.000000
4.30280018 18.72430038 5.34499979 3.000000 3.000000
4.24660015 18.77949905 5.98689985 3.000000 3.000000
4.27309990 18.77969933 5.30690002 3.000000 3.000000
4.28410006 18.63030052 5.61119986 3.000000 3.000000
4.30259991 18.76370049 5.56389999 3.000000 3.000000
4.27960014 18.77989960 5.67030001 3.000000 3.000000
4.34299994 18.63229942 5.57240009 3.000000 3.000000
4.30499983 18.68930054 6.64760017 3.000000 3.000000
4.22930002 18.63229942 5.35249996 3.000000 3.000000
4.28049994 18.78000069 5.72289991 3.000000 3.000000
4.33890009 18.63229942 5.31349993 3.000000 3.000000
4.38530016 18.78599930 6.54360008 3.000000 3.000000
4.28240013 18.63059998 5.44740009 3.000000 3.000000
4.21610022 18.62019920 5.22889996 3.000000 3.000000
4.30289984 18.69939995 5.53090000 3.000000 3.000000
4.30810022 18.76000023 6.62960005 3.000000 3.000000
4.30819988 18.75629997 6.65089989 3.000000 3.000000
4.30900002 18.76700020 6.61539984 3.000000 3.000000
4.28039980 18.77960014 5.78410006 3.000000 3.000000
4.30810022 18.63069916 5.38800001 3.000000 3.000000
4.23810005 18.79190063 5.31680012 3.000000 3.000000
4.35480022 18.63459969 6.22569990 3.000000 3.000000
4.30830002 18.75609970 6.61390018 3.000000 3.000000
4.34499979 18.63209915 5.72100019 3.000000 3.000000
4.30299997 18.67819977 5.48549986 3.000000 3.000000
4.27729988 18.78009987 5.49639988 3.000000 3.000000
4.22779989 18.78549957 5.46780014 3.000000 3.000000
4.23990011 18.77680016 5.53429985 3.000000 3.000000
4.30259991 18.72190094 5.82950020 3.000000 3.000000
4.30280018 18.75650024 5.51140022 3.000000 3.000000
4.22730017 18.77919960 5.70289993 3.000000 3.000000
4.29670000 18.77239990 5.28000021 3.000000 3.000000
4.29829979 18.77140045 5.59789991 3.000000 3.000000
4.30340004 18.73069954 5.87500000 3.000000 3.000000
4.30289984 18.75639915 5.51999998 3.000000 3.000000
4.30359983 18.75849915 6.22189999 3.000000 3.000000
4.30270004 18.74880028 5.35610008 3.000000 3.000000
4.23339987 18.77589989 5.29320002 3.000000 3.000000
4.26070023 18.63260078 5.41440010 3.000000 3.000000
4.30240011 18.76239967 5.83440018 3.000000 3.000000
4.30289984 18.67810059 5.49410009 3.000000 3.000000
4.30299997 18.70719910 5.60090017 3.000000 3.000000
4.26300001 18.63229942 5.62960005 3.000000 3.000000
4.30200005 18.72330093 5.49879980 3.000000 3.000000
4.22800016 18.78660011 6.05159998 3.000000 3.000000
4.30280018 18.76580048 6.63999987 3.000000 3.000000
4.30229998 18.75639915 5.48540020 3.000000 3.000000
4.30310011 18.69179916 5.78210020 3.000000 3.000000
4.26490021 18.63260078 6.12470007 3.000000 3.000000
4.30840015 18.75609970 6.60659981 3.000000 3.000000
4.36759996 18.63400078 6.22510004 3.000000 3.000000
4.23010015 18.63159943 5.53999996 3.000000 3.000000
4.30240011 18.75589943 5.59759998 3.000000 3.000000
4.30280018 18.73060036 5.86590004 3.000000 3.000000
4.30900002 18.71960068 6.63549995 3.000000 3.000000
4.30229998 18.71529961 5.65369987 3.000000 3.000000
4.29969978 18.77350044 5.87709999 3.000000 3.000000
4.30310011 18.75189972 6.23839998 3.000000 3.000000
4.30060005 18.63229942 6.21890020 3.000000 3.000000
4.30830002 18.71229935 6.67170000 3.000000 3.000000
4.28049994 18.78000069 5.71420002 3.000000 3.000000
4.23120022 18.63109970 5.73010015 3.000000 3.000000
4.30249977 18.69300079 5.48699999 3.000000 3.000000
4.30249977 18.74880028 5.34749985 3.000000 3.000000
4.30229998 18.72360039 5.46449995 3.000000 3.000000
4.28149986 18.77989960 5.79339981 3.000000 3.000000
4.29890013 18.77039909 5.82520008 3.000000 3.000000
4.30359983 18.75189972 6.25549984 3.000000 3.000000
4.30299997 18.74760056 5.63159990 3.000000 3.000000
4.30280018 18.67670059 5.78900003 3.000000 3.000000
4.27990007 18.63039970 5.32730007 3.000000 3.000000
4.30490017 18.70089912 6.01809978 3.000000 3.000000
4.32340002 18.78170013 6.61149979 3.000000 3.000000
4.30919981 18.66550064 6.63999987 3.000000 3.000000
4.32350016 18.63290024 6.16340017 3.000000 3.000000
4.30259991 18.69309998 5.46980000 3.000000 3.000000
4.35570002 18.78840065 6.35559988 3.000000 3.000000
4.34560013 18.78899956 6.35109997 3.000000 3.000000
4.32660007 18.78870010 6.34310007 3.000000 3.000000
4.31890011 18.78800011 6.34009981 3.000000 3.000000
4.36579990 18.78770065 6.35209990 3.000000 3.000000
4.35570002 18.78849983 6.34749985 3.000000 3.000000
4.30859995 18.78879929 6.31930017 3.000000 3.000000
4.27540016 18.78779984 6.30569983 3.000000 3.000000
4.34679985 18.78820038 6.32770014 3.000000 3.000000
4.32730007 18.78840065 6.31939983 3.000000 3.000000
4.26700020 18.78809929 6.29400015 3.000000 3.000000
4.25169992 18.78709984 6.28800011 3.000000 3.000000
4.36579990 18.78809929 6.32770014 3.000000 3.000000
4.35559988 18.78899956 6.32310009 3.000000 3.000000
4.31930017 18.78820038 6.30800009 3.000000 3.000000
4.25839996 18.78790092 6.28249979 3.000000 3.000000
4.33750010 18.78820038 6.30770016 3.000000 3.000000
4.32740021 18.78849983 6.30329990 3.000000 3.000000
4.28240013 18.78870010 6.28429985 3.000000 3.000000
4.27530003 18.78820038 6.28149986 3.000000 3.000000
4.24249983 18.78770065 6.26789999 3.000000 3.000000
4.30229998 18.67370033 6.33559990 3.000000 3.000000
4.35599995 18.78879929 6.30730009 3.000000 3.000000
4.26719999 18.78820038 6.27010012 3.000000 3.000000
4.25180006 18.78739929 6.26389980 3.000000 3.000000
4.23439980 18.78770065 6.25659990 3.000000 3.000000
4.30319977 18.68959999 6.32200003 3.000000 3.000000
4.30280018 18.67340088 6.32789993 3.000000 3.000000
4.30340004 18.66410065 6.33160019 3.000000 3.000000
4.29269981 18.78840065 6.27269983 3.000000 3.000000
4.25159979 18.78770065 6.25579977 3.000000 3.000000
4.24200010 18.78840065 6.25150013 3.000000 3.000000
4.22790003 18.78619957 6.24650002 3.000000 3.000000
4.30359983 18.65570068 6.32670021 3.000000 3.000000
4.36649990 18.78800011 6.29589987 3.000000 3.000000
4.35610008 18.78899956 6.29120016 3.000000 3.000000
4.34709978 18.78860092 6.28749990 3.000000 3.000000
4.33820009 18.78800011 6.28399992 3.000000 3.000000
4.30109978 18.78809929 6.26840019 3.000000 3.000000
4.28310013 18.78840065 6.26070023 3.000000 3.000000
4.23439980 18.78790092 6.24060011 3.000000 3.000000
4.30350018 18.65589905 6.31850004 3.000000 3.000000
4.36630011 18.78829956 6.28760004 3.000000 3.000000
4.28289986 18.78879929 6.25250006 3.000000 3.000000
4.25180006 18.78779984 6.23999977 3.000000 3.000000
4.30319977 18.68989944 6.29759979 3.000000 3.000000
4.30319977 18.66480064 6.30700016 3.000000 3.000000
4.30329990 18.65620041 6.31029987 3.000000 3.000000
4.35680008 18.78860092 6.27549982 3.000000 3.000000
4.34749985 18.78849983 6.27169991 3.000000 3.000000
4.32019997 18.78800011 6.26039982 3.000000 3.000000
4.29339981 18.78809929 6.24919987 3.000000 3.000000
4.24240017 18.78840065 6.22790003 3.000000 3.000000
4.30340004 18.68160057 6.29279995 3.000000 3.000000
4.30310011 18.65649986 6.30200005 3.000000 3.000000
4.26410007 18.64170074 6.29150009 3.000000 3.000000
4.36700010 18.78790092 6.27199984 3.000000 3.000000
4.33820009 18.78840065 6.25979996 3.000000 3.000000
4.32819986 18.78860092 6.25559998 3.000000 3.000000
4.30989981 18.78870010 6.24790001 3.000000 3.000000
4.30170012 18.78800011 6.24469995 3.000000 3.000000
4.24259996 18.78840065 6.21999979 3.000000 3.000000
4.30100012 18.64959908 6.29559994 3.000000 3.000000
4.27559996 18.64069939 6.28849983 3.000000 3.000000
4.26399994 18.64200020 6.28329992 3.000000 3.000000
4.24879980 18.64080048 6.27750015 3.000000 3.000000
4.29740000 18.64520073 6.28770018 3.000000 3.000000
4.25759983 18.64100075 6.27299976 3.000000 3.000000
4.29160023 18.64220047 6.27839994 3.000000 3.000000
4.27570009 18.64089966 6.27239990 3.000000 3.000000
4.23960018 18.64139938 6.25750017 3.000000 3.000000
4.26399994 18.64229965 6.25909996 3.000000 3.000000
4.24860001 18.64139938 6.25309992 3.000000 3.000000
4.23950005 18.64159966 6.24940014 3.000000 3.000000
4.23050022 18.64159966 6.24569988 3.000000 3.000000
4.23099995 18.64119911 6.23799992 3.000000 3.000000
4.30259991 18.71710014 5.28459978 3.000000 3.000000
4.30240011 18.73769951 5.88430023 3.000000 3.000000
4.29879999 18.77020073 5.86049986 3.000000 3.000000
4.29850006 18.77120018 5.64139986 3.000000 3.000000
4.30439997 18.70409966 6.64760017 3.000000 3.000000
4.22819996 18.63249969 5.25099993 3.000000 3.000000
4.31360006 18.63089943 5.68289995 3.000000 3.000000
4.28329992 18.63050079 5.52479982 3.000000 3.000000
4.30289984 18.74819946 5.50180006 3.000000 3.000000
4.29809999 18.77179909 5.49420023 3.000000 3.000000
4.29809999 18.77129936 5.58920002 3.000000 3.000000
4.30270004 18.73229980 5.50000000 3.000000 3.000000
4.30179977 18.76429939 5.40030003 3.000000 3.000000
4.22879982 18.63209915 5.36079979 3.000000 3.000000
4.30509996 18.66990089 5.87739992 3.000000 3.000000
4.23050022 18.63159943 5.57450008 3.000000 3.000000
4.22739983 18.78510094 5.30490017 3.000000 3.000000
4.30240011 18.70779991 5.44560003 3.000000 3.000000
4.30240011 18.74049950 5.30399990 3.000000 3.000000
4.30280018 18.68390083 5.71980000 3.000000 3.000000
4.30039978 18.77179909 6.18660021 3.000000 3.000000
4.29370022 18.77639961 5.73619986 3.000000 3.000000
4.30299997 18.69190025 5.74709988 3.000000 3.000000
4.28350019 18.63199997 6.15350008 3.000000 3.000000
4.30240011 18.76370049 5.55520010 3.000000 3.000000
4.30249977 18.74659920 5.79729986 3.000000 3.000000
4.30340004 18.67679977 5.80679989 3.000000 3.000000
4.30270004 18.74659920 5.82380009 3.000000 3.000000
4.30840015 18.73489952 6.62440014 3.000000 3.000000
4.38500023 18.78260040 6.52150011 3.000000 3.000000
4.29199982 18.77779961 5.34709978 3.000000 3.000000
4.30329990 18.67679977 5.79799986 3.000000 3.000000
4.24730015 18.63389969 6.16190004 3.000000 3.000000
4.28660011 18.63290024 6.18720007 3.000000 3.000000
4.30289984 18.70840073 5.36040020 3.000000 3.000000
4.28660011 18.63050079 5.72499990 3.000000 3.000000
4.27629995 18.78030014 5.39330006 3.000000 3.000000
4.31230021 18.63080025 5.63899994 3.000000 3.000000
4.30469990 18.68610001 6.03359985 3.000000 3.000000
4.30520010 18.68600082 6.01809978 3.000000 3.000000
4.32350016 18.78179932 6.64809990 3.000000 3.000000
4.30299997 18.73189926 5.61240005 3.000000 3.000000
4.23610020 18.77639961 5.37900019 3.000000 3.000000
4.30210018 18.76390076 5.50330019 3.000000 3.000000
4.28299999 18.63039970 5.53329992 3.000000 3.000000
4.30800009 18.74950027 6.65700006 3.000000 3.000000
4.30159998 18.63249969 6.14580011 3.000000 3.000000
4.30819988 18.75309944 6.67240000 3.000000 3.000000
4.30329990 18.75189972 6.26380014 3.000000 3.000000
4.30970001 18.77029991 6.65210009 3.000000 3.000000
4.30280018 18.69370079 5.35879993 3.000000 3.000000
4.29750013 18.77239990 5.33129978 3.000000 3.000000
4.38609982 18.63570023 6.58610010 3.000000 3.000000
4.30989981 18.63069916 5.49989986 3.000000 3.000000
4.22709990 18.77960014 5.60760021 3.000000 3.000000
4.30280018 18.68449974 5.58960009 3.000000 3.000000
4.30280018 18.73830032 5.78760004 3.000000 3.000000
4.30270004 18.72200012 5.81199980 3.000000 3.000000
4.30880022 18.75609970 6.63549995 3.000000 3.000000
4.30889988 18.66950035 6.62620020 3.000000 3.000000
4.30289984 18.70739937 5.56629992 3.000000 3.000000
4.25860023 18.63260078 5.29489994 3.000000 3.000000
4.22830009 18.78529930 5.39799976 3.000000 3.000000
4.29320002 18.77720070 5.54479980 3.000000 3.000000
4.30289984 18.70039940 5.31689978 3.000000 3.000000
4.27580023 18.78019905 5.37599993 3.000000 3.000000
4.30229998 18.68390083 5.68480015 3.000000 3.000000
4.29360008 18.77750015 5.51049995 3.000000 3.000000
4.30280018 18.70840073 5.34329987 3.000000 3.000000
4.30319977 18.68510056 5.35489988 3.000000 3.000000
4.33909988 18.63199997 5.39029980 3.000000 3.000000
4.30329990 18.70639992 5.78399992 3.000000 3.000000
4.23010015 18.63159943 5.55719995 3.000000 3.000000
4.30240011 18.69319916 5.43550014 3.000000 3.000000
4.22830009 18.78560066 5.51490021 3.000000 3.000000
4.30880022 18.70820045 6.61149979 3.000000 3.000000
4.30219984 18.71680069 5.31850004 3.000000 3.000000
4.30299997 18.75760078 5.28910017 3.000000 3.000000
4.37599993 18.79140091 6.58500004 3.000000 3.000000
4.35160017 18.79140091 6.58610010 3.000000 3.000000
4.33459997 18.79109955 6.58720016 3.000000 3.000000
4.37599993 18.79100037 6.57800007 3.000000 3.000000
4.35529995 18.79100037 6.57889986 3.000000 3.000000
4.34759998 18.79120064 6.57910013 3.000000 3.000000
4.33890009 18.79059982 6.58010006 3.000000 3.000000
4.37610006 18.79100037 6.57060003 3.000000 3.000000
4.36810017 18.79089928 6.57110023 3.000000 3.000000
4.35949993 18.79089928 6.57149982 3.000000 3.000000
4.33900023 18.79070091 6.57259989 3.000000 3.000000
4.34320021 18.79089928 6.56489992 3.000000 3.000000
4.38049984 18.79070091 6.55600023 3.000000 3.000000
4.36819983 18.79070091 6.55660009 3.000000 3.000000
4.33479977 18.79120064 6.55779982 3.000000 3.000000
4.38059998 18.79109955 6.54839993 3.000000 3.000000
4.36819983 18.79100037 6.54899979 3.000000 3.000000
4.33039999 18.79109955 6.55079985 3.000000 3.000000
4.38059998 18.79109955 6.54120016 3.000000 3.000000
4.34340000 18.79070091 6.54320002 3.000000 3.000000
4.36840010 18.79140091 6.53410006 3.000000 3.000000
4.33489990 18.79080009 6.53609991 3.000000 3.000000
4.36840010 18.79100037 6.52720022 3.000000 3.000000
4.35979986 18.79109955 6.52750015 3.000000 3.000000
4.38079977 18.79109955 6.51919985 3.000000 3.000000
4.37239981 18.79129982 6.51949978 3.000000 3.000000
4.36380005 18.79050064 6.52050018 3.000000 3.000000
4.35570002 18.79059982 6.52080011 3.000000 3.000000
4.33939981 18.79089928 6.52129984 3.000000 3.000000
4.37650013 18.79100037 6.51219988 3.000000 3.000000
4.36390018 18.79089928 6.51289988 3.000000 3.000000
4.35209990 18.79089928 6.51340008 3.000000 3.000000
4.33949995 18.79100037 6.51389980 3.000000 3.000000
4.33069992 18.79070091 6.51459980 3.000000 3.000000
4.37239981 18.79059982 6.50549984 3.000000 3.000000
4.34369993 18.79059982 6.49959993 3.000000 3.000000
4.37669992 18.79120064 6.49039984 3.000000 3.000000
4.35589981 18.79050064 6.49189997 3.000000 3.000000
4.34829998 18.79129982 6.49160004 3.000000 3.000000
4.33960009 18.79109955 6.49209976 3.000000 3.000000
4.33970022 18.79080009 6.48509979 3.000000 3.000000
4.37270021 18.79120064 6.47609997 3.000000 3.000000
4.36019993 18.79059982 6.47720003 3.000000 3.000000
4.34390020 18.79089928 6.47760010 3.000000 3.000000
4.37270021 18.79089928 6.46910000 3.000000 3.000000
4.34840012 18.79089928 6.47030020 3.000000 3.000000
4.33540010 18.79100037 6.47079992 3.000000 3.000000
4.36889982 18.79129982 6.46169996 3.000000 3.000000
4.35610008 18.79039955 6.46309996 3.000000 3.000000
4.34849977 18.79109955 6.46290016 3.000000 3.000000
4.33549976 18.79080009 6.46369982 3.000000 3.000000
4.38129997 18.79100037 6.45429993 3.000000 3.000000
4.36429977 18.79070091 6.45529985 3.000000 3.000000
4.34859991 18.79100037 6.45580006 3.000000 3.000000
4.38129997 18.79100037 6.44710016 3.000000 3.000000
4.36899996 18.79109955 6.44759989 3.000000 3.000000
4.36040020 18.79070091 6.44829988 3.000000 3.000000
4.34410000 18.79030037 6.44929981 3.000000 3.000000
4.37699986 18.79089928 6.44019985 3.000000 3.000000
4.35270023 18.79100037 6.44129992 3.000000 3.000000
4.38149977 18.79100037 6.43279982 3.000000 3.000000
4.37300014 18.79070091 6.43340015 3.000000 3.000000
4.36049986 18.79100037 6.43370008 3.000000 3.000000
4.34870005 18.79129982 6.43400002 3.000000 3.000000
4.35279989 18.79100037 6.42689991 3.000000 3.000000
4.38159990 18.79129982 6.41830015 3.000000 3.000000
4.36070013 18.79129982 6.41919994 3.000000 3.000000
4.34889984 18.79140091 6.41960001 3.000000 3.000000
4.37309980 18.79100037 6.41169977 3.000000 3.000000
4.35659981 18.79100037 6.41249990 3.000000 3.000000
4.34429979 18.79039955 6.41349983 3.000000 3.000000
4.35300016 18.79100037 6.40549994 3.000000 3.000000
4.38170004 18.79120064 6.39699984 3.000000 3.000000
4.37319994 18.79070091 6.39769983 3.000000 3.000000
4.35300016 18.79100037 6.39839983 3.000000 3.000000
4.34899998 18.79109955 6.39139986 3.000000 3.000000
4.34040022 18.79070091 6.39209986 3.000000 3.000000
4.38180017 18.79070091 6.38320017 3.000000 3.000000
4.34910011 18.79109955 6.38430023 3.000000 3.000000
4.37750006 18.79100037 6.37599993 3.000000 3.000000
4.36490011 18.79089928 6.37659979 3.000000 3.000000
4.35319996 18.79129982 6.37680006 3.000000 3.000000
4.36100006 18.79089928 6.36980009 3.000000 3.000000
4.34469986 18.79059982 6.37069988 3.000000 3.000000
4.36959982 18.79089928 6.36229992 3.000000 3.000000
4.36110020 18.79129982 6.36229992 3.000000 3.000000
4.34929991 18.79109955 6.36299992 3.000000 3.000000
4.38199997 18.79109955 6.35459995 3.000000 3.000000
4.36969995 18.79050064 6.35559988 3.000000 3.000000
4.37360001 18.79129982 6.34770012 3.000000 3.000000
4.37370014 18.79109955 6.34079981 3.000000 3.000000
4.36119986 18.79039955 6.34200001 3.000000 3.000000
4.35340023 18.79089928 6.34189987 3.000000 3.000000
4.38219976 18.79100037 6.33349991 3.000000 3.000000
4.35710001 18.79100037 6.33459997 3.000000 3.000000
4.36129999 18.79089928 6.32740021 3.000000 3.000000
4.37379980 18.79100037 6.31979990 3.000000 3.000000
4.37799978 18.79089928 6.31279993 3.000000 3.000000
4.37389994 18.79080009 6.30600023 3.000000 3.000000
4.34959984 18.79050064 6.30730009 3.000000 3.000000
4.37400007 18.79100037 6.29879999 3.000000 3.000000
4.35739994 18.79100037 6.29960012 3.000000 3.000000
4.37410021 18.79100037 6.28490019 3.000000 3.000000
4.37830019 18.79109955 6.27769995 3.000000 3.000000
4.37419987 18.79120064 6.27080011 3.000000 3.000000
4.36569977 18.79059982 6.26469994 3.000000 3.000000
4.35769987 18.79100037 6.26480007 3.000000 3.000000
4.37839985 18.79050064 6.25740004 3.000000 3.000000
4.36189985 18.79129982 6.25729990 3.000000 3.000000
4.37440014 18.79129982 6.24989986 3.000000 3.000000
4.36189985 18.79129982 6.25050020 3.000000 3.000000
4.35410023 18.79109955 6.25099993 3.000000 3.000000
4.35780001 18.79050064 6.24440002 3.000000 3.000000
4.35419989 18.79120064 6.23699999 3.000000 3.000000
4.36210012 18.79109955 6.22989988 3.000000 3.000000
4.37069988 18.79109955 6.22259998 3.000000 3.000000
4.38310003 18.79059982 6.21570015 3.000000 3.000000
4.37879992 18.79100037 6.20860004 3.000000 3.000000
4.36619997 18.79140091 6.20879984 3.000000 3.000000
4.35809994 18.79080009 6.20959997 3.000000 3.000000
4.37879992 18.79100037 6.20179987 3.000000 3.000000
4.37090015 18.79120064 6.20190001 3.000000 3.000000
4.38320017 18.79100037 6.19469976 3.000000 3.000000
4.36240005 18.79109955 6.18860006 3.000000 3.000000
4.37900019 18.79100037 6.18120003 3.000000 3.000000
4.38329983 18.79030037 6.17479992 3.000000 3.000000
4.37109995 18.79150009 6.17430019 3.000000 3.000000
4.36250019 18.79070091 6.17530012 3.000000 3.000000
4.36250019 18.79059982 6.16849995 3.000000 3.000000
4.35839987 18.79030037 6.16209984 3.000000 3.000000
4.38350010 18.79100037 6.15380001 3.000000 3.000000
4.37120008 18.79080009 6.15439987 3.000000 3.000000
4.36259985 18.79080009 6.15479994 3.000000 3.000000
4.38360023 18.79019928 6.14090014 3.000000 3.000000
4.36670017 18.79120064 6.14069986 3.000000 3.000000
4.37939978 18.79140091 6.12650013 3.000000 3.000000
4.37529993 18.79100037 6.12020016 3.000000 3.000000
4.38119984 18.68260002 6.19859982 3.000000 3.000000
4.38380003 18.79050064 6.11350012 3.000000 3.000000
4.37540007 18.79129982 6.11320019 3.000000 3.000000
4.38110018 18.68009949 6.19369984 3.000000 3.000000
4.36689997 18.79080009 6.10039997 3.000000 3.000000
4.37169981 18.79150009 6.09299994 3.000000 3.000000
4.38089991 18.67420006 6.17780018 3.000000 3.000000
4.37970018 18.79129982 6.08610010 3.000000 3.000000
4.37979984 18.79109955 6.07950020 3.000000 3.000000
4.36709976 18.79120064 6.07999992 3.000000 3.000000
4.38079977 18.67079926 6.16669989 3.000000 3.000000
4.38380003 18.64509964 6.17980003 3.000000 3.000000
4.38079977 18.66979980 6.16069984 3.000000 3.000000
4.37989998 18.79129982 6.06599998 3.000000 3.000000
4.38390017 18.64579964 6.17240000 3.000000 3.000000
4.37580013 18.79179955 6.05900002 3.000000 3.000000
4.38059998 18.66390038 6.15159988 3.000000 3.000000
4.38399982 18.64559937 6.15880013 3.000000 3.000000
4.38420010 18.78930092 6.04729986 3.000000 3.000000
4.37200022 18.79109955 6.04640007 3.000000 3.000000
4.37209988 18.79120064 6.03959990 3.000000 3.000000
4.38399982 18.64500046 6.14559984 3.000000 3.000000
4.38049984 18.66080093 6.13350010 3.000000 3.000000
4.38019991 18.79109955 6.02610016 3.000000 3.000000
4.37209988 18.79080009 6.02670002 3.000000 3.000000
4.30179977 18.76420021 5.42589998 3.000000 3.000000
4.38030005 18.79109955 6.00619984 3.000000 3.000000
4.38049984 18.65509987 6.10389996 3.000000 3.000000
4.38040018 18.79109955 5.99289989 3.000000 3.000000
4.38450003 18.78619957 5.98999977 3.000000 3.000000
4.38450003 18.78440094 5.97809982 3.000000 3.000000
4.37639999 18.79070091 5.97359991 3.000000 3.000000
4.38460016 18.64539909 6.07730007 3.000000 3.000000
4.37650013 18.79109955 5.96670008 3.000000 3.000000
4.30369997 18.75939941 6.64930010 3.000000 3.000000
4.38460016 18.64500046 6.07089996 3.000000 3.000000
4.38460016 18.78389931 5.96530008 3.000000 3.000000
4.37330008 18.80050087 5.94659996 3.000000 3.000000
4.38059998 18.65080070 6.05310011 3.000000 3.000000
4.38469982 18.78470039 5.95149994 3.000000 3.000000
4.38079977 18.79129982 5.94670010 3.000000 3.000000
4.38079977 18.79120064 5.94019985 3.000000 3.000000
4.38070011 18.65029907 6.04010010 3.000000 3.000000
4.38490009 18.64520073 6.03039980 3.000000 3.000000
4.38100004 18.79129982 5.92049980 3.000000 3.000000
4.38500023 18.64529991 6.02360010 3.000000 3.000000
4.38079977 18.64909935 6.02089977 3.000000 3.000000
4.38469982 18.78109932 5.92150021 3.000000 3.000000
4.38100004 18.79109955 5.90770006 3.000000 3.000000
4.38509989 18.64489937 6.00390005 3.000000 3.000000
4.38460016 18.77669907 5.90530014 3.000000 3.000000
4.38119984 18.79140091 5.88800001 3.000000 3.000000
4.38520002 18.64509964 5.99039984 3.000000 3.000000
4.38469982 18.77540016 5.89330006 3.000000 3.000000
4.38520002 18.64439964 5.98430014 3.000000 3.000000
4.38530016 18.64469910 5.97739983 3.000000 3.000000
4.38439989 18.76950073 5.88469982 3.000000 3.000000
4.38439989 18.76799965 5.87930012 3.000000 3.000000
4.38539982 18.64570045 5.96339989 3.000000 3.000000
4.38390017 18.75860023 5.86689997 3.000000 3.000000
4.38380003 18.75489998 5.86310005 3.000000 3.000000
4.38119984 18.64579964 5.93699980 3.000000 3.000000
4.27159977 18.63339996 6.28249979 3.000000 3.000000
4.38229990 18.72760010 5.85729980 3.000000 3.000000
4.30870008 18.67749977 6.62790012 3.000000 3.000000
4.30270004 18.74699974 5.72730017 3.000000 3.000000
4.22790003 18.78529930 5.36679983 3.000000 3.000000
4.29899979 18.77059937 5.79010010 3.000000 3.000000
4.29969978 18.77269936 6.60340023 3.000000 3.000000
4.27720022 18.78030014 5.44490004 3.000000 3.000000
4.30819988 18.71990013 6.66580009 3.000000 3.000000
4.36630011 18.63459969 6.34709978 3.000000 3.000000
4.31479979 18.63360023 6.17290020 3.000000 3.000000
4.30849981 18.70179939 6.66949987 3.000000 3.000000
4.22980022 18.63179970 5.48010015 3.000000 3.000000
4.32390022 18.63290024 6.12680006 3.000000 3.000000
4.29279995 18.77779961 5.38159990 3.000000 3.000000
4.30910015 18.67740059 6.62020016 3.000000 3.000000
4.30469990 18.75959969 6.03420019 3.000000 3.000000
4.22860003 18.63229942 5.31010008 3.000000 3.000000
4.30770016 18.74959946 6.66480017 3.000000 3.000000
4.30229998 18.67709923 5.66660023 3.000000 3.000000
4.30929995 18.66530037 6.61770010 3.000000 3.000000
4.30270004 18.72279930 5.65469980 3.000000 3.000000
4.30299997 18.73069954 5.84840012 3.000000 3.000000
4.30840015 18.75989914 6.62200022 3.000000 3.000000
4.30240011 18.75659943 5.45100021 3.000000 3.000000
4.30810022 18.74200058 6.60410023 3.000000 3.000000
4.28380013 18.63209915 6.14139986 3.000000 3.000000
4.30299997 18.73100090 5.79559994 3.000000 3.000000
4.22779989 18.78510094 5.28200006 3.000000 3.000000
4.29829979 18.77160072 5.53739977 3.000000 3.000000
4.34040022 18.63190079 5.47650003 3.000000 3.000000
4.22919989 18.63209915 5.39489985 3.000000 3.000000
4.30469990 18.71660042 5.98689985 3.000000 3.000000
4.30210018 18.73929977 5.52640009 3.000000 3.000000
4.31479979 18.77630043 6.61159992 3.000000 3.000000
4.30259991 18.69339943 5.40990019 3.000000 3.000000
4.30469990 18.73390007 6.65019989 3.000000 3.000000
4.30280018 18.68409920 5.67630005 3.000000 3.000000
4.24679995 18.63369942 6.21589994 3.000000 3.000000
4.30299997 18.70739937 5.55770016 3.000000 3.000000
4.30249977 18.75690079 5.39970016 3.000000 3.000000
4.30259991 18.69969940 5.45340014 3.000000 3.000000
4.24130011 18.77689934 5.60379982 3.000000 3.000000
4.24440002 18.77739906 5.71780014 3.000000 3.000000
4.30849981 18.74920082 6.62699986 3.000000 3.000000
4.30810022 18.63080025 5.37099981 3.000000 3.000000
4.30259991 18.70000076 5.40210009 3.000000 3.000000
4.30229998 18.74760056 5.58799982 3.000000 3.000000
4.30779982 18.75989914 6.60059977 3.000000 3.000000
4.30229998 18.69910049 5.56510019 3.000000 3.000000
4.28620005 18.63310051 6.22779989 3.000000 3.000000
4.30310011 18.70770073 5.50600004 3.000000 3.000000
4.30900002 18.73110008 6.65240002 3.000000 3.000000
4.28439999 18.63069916 5.55959988 3.000000 3.000000
4.38520002 18.78639984 6.62370014 3.000000 3.000000
4.26230001 18.63249969 5.55179977 3.000000 3.000000
4.30240011 18.70680046 5.65269995 3.000000 3.000000
4.22629976 18.78059959 5.34219980 3.000000 3.000000
4.30270004 18.71599960 5.52400017 3.000000 3.000000
4.38219976 18.78930092 6.66699982 3.000000 3.000000
4.38189983 18.78790092 6.65710020 3.000000 3.000000
4.38399982 18.78739929 6.64209986 3.000000 3.000000
4.38570023 18.64349937 6.66890001 3.000000 3.000000
4.37930012 18.64410019 6.67010021 3.000000 3.000000
4.38460016 18.64290047 6.65749979 3.000000 3.000000
4.38560009 18.64249992 6.64440012 3.000000 3.000000
4.38009977 18.64259911 6.64680004 3.000000 3.000000
4.38380003 18.64430046 6.59719992 3.000000 3.000000
4.38619995 18.64469910 6.56720018 3.000000 3.000000
4.38619995 18.64459991 6.55399990 3.000000 3.000000
4.38619995 18.64419937 6.54180002 3.000000 3.000000
4.30249977 18.74029922 5.35510015 3.000000 3.000000
4.30259991 18.74760056 5.59670019 3.000000 3.000000
4.30270004 18.72299957 5.61999989 3.000000 3.000000
4.30249977 18.75569916 5.65850019 3.000000 3.000000
4.30270004 18.76289940 5.74669981 3.000000 3.000000
4.30310011 18.75510025 5.80740023 3.000000 3.000000
4.38530016 18.78280067 6.55730009 3.000000 3.000000
4.30340004 18.75270081 6.64050007 3.000000 3.000000
4.34280014 18.63190079 6.18020010 3.000000 3.000000
4.30270004 18.68420029 5.63280010 3.000000 3.000000
4.30389977 18.74699974 6.60599995 3.000000 3.000000
4.30380011 18.65589905 6.01760006 3.000000 3.000000
4.30319977 18.73139954 5.71689987 3.000000 3.000000
4.27899981 18.77639961 6.65799999 3.000000 3.000000
4.30289984 18.74640083 5.85909986 3.000000 3.000000
4.28189993 18.77980042 5.84630013 3.000000 3.000000
4.34340000 18.63209915 5.62449980 3.000000 3.000000
4.30369997 18.75909996 5.95580006 3.000000 3.000000
4.30310011 18.67860031 5.40840006 3.000000 3.000000
4.30270004 18.71640015 5.44670010 3.000000 3.000000
4.30270004 18.69400024 5.29069996 3.000000 3.000000
4.30229998 18.72410011 5.36189985 3.000000 3.000000
4.30219984 18.76309967 5.66790009 3.000000 3.000000
4.30499983 18.74399948 6.04979992 3.000000 3.000000
4.31669998 18.77939987 6.59569979 3.000000 3.000000
4.31300020 18.63389969 6.36250019 3.000000 3.000000
4.36810017 18.63310051 6.18440008 3.000000 3.000000
4.30310011 18.69169998 5.79090023 3.000000 3.000000
4.37669992 18.63389969 6.41440010 3.000000 3.000000
4.30259991 18.73100090 5.76039982 3.000000 3.000000
4.30240011 18.69989967 5.41050005 3.000000 3.000000
4.30880022 18.63089943 5.39680004 3.000000 3.000000
4.30270004 18.75530052 5.73699999 3.000000 3.000000
4.30880022 18.68090057 6.64319992 3.000000 3.000000
4.30310011 18.73900032 5.65670013 3.000000 3.000000
4.30219984 18.76219940 5.84310007 3.000000 3.000000
4.30880022 18.66970062 6.66319990 3.000000 3.000000
4.30340004 18.67889977 5.36590004 3.000000 3.000000
4.25890017 18.63229942 5.37120008 3.000000 3.000000
4.30859995 18.63059998 5.43940020 3.000000 3.000000
4.29339981 18.77729988 5.53630018 3.000000 3.000000
4.30219984 18.71559906 5.57560015 3.000000 3.000000
4.30249977 18.73800087 5.83139992 3.000000 3.000000
4.23470020 18.77619934 5.32760000 3.000000 3.000000
4.23899984 18.77659988 5.51679993 3.000000 3.000000
4.30499983 18.74040031 6.66769981 3.000000 3.000000
4.30240011 18.73329926 5.27780008 3.000000 3.000000
4.30889988 18.69820023 6.64629984 3.000000 3.000000
4.30280018 18.70719910 5.59219980 3.000000 3.000000
4.30280018 18.74720001 5.70109987 3.000000 3.000000
4.30369997 18.75939941 6.65799999 3.000000 3.000000
4.30219984 18.71509933 5.68839979 3.000000 3.000000
4.30229998 18.71489906 5.73210001 3.000000 3.000000
4.22660017 18.78030014 5.41879988 3.000000 3.000000
4.31269979 18.63080025 5.64779997 3.000000 3.000000
4.30310011 18.69239998 5.65129995 3.000000 3.000000
4.30259991 18.72450066 5.30240011 3.000000 3.000000
4.25909996 18.77840042 5.56739998 3.000000 3.000000
4.30329990 18.69230080 5.68610001 3.000000 3.000000
4.30319977 18.69890022 5.66949987 3.000000 3.000000
4.24709988 18.77759933 5.83249998 3.000000 3.000000
4.23850012 18.77669907 5.47380018 3.000000 3.000000
4.30319977 18.67659950 5.83309984 3.000000 3.000000
4.29250002 18.77799988 5.33029985 3.000000 3.000000
