4.30660009 17.38229942 5.77570009 3.000000 3.000000
4.30340004 18.32150078 6.49009991 3.000000 3.000000
4.31339979 17.32629967 5.77129984 3.000000 3.000000
4.30740023 17.29459953 5.64849997 3.000000 3.000000
4.30310011 18.31329918 6.58109999 3.000000 3.000000
4.30730009 17.47480011 5.84569979 3.000000 3.000000
4.25719976 17.94820023 6.13600016 3.000000 3.000000
4.30690002 17.45700073 5.77479982 3.000000 3.000000
4.34170008 17.27289963 5.73460007 3.000000 3.000000
4.30919981 17.47249985 5.73859978 3.000000 3.000000
4.30499983 17.88859940 6.14620018 3.000000 3.000000
4.31939983 17.27420044 5.73500013 3.000000 3.000000
4.37559986 17.40900040 5.68739986 3.000000 3.000000
4.30670023 17.29450035 5.70580006 3.000000 3.000000
4.30609989 17.78219986 6.13679981 3.000000 3.000000
4.35930014 17.49970055 5.76090002 3.000000 3.000000
4.30740023 17.25469971 5.66599989 3.000000 3.000000
4.31010008 17.38640022 5.79930019 3.000000 3.000000
4.26270008 17.57900047 5.82690001 3.000000 3.000000
4.30340004 18.38929939 6.54479980 3.000000 3.000000
4.30700016 17.24209976 5.66419983 3.000000 3.000000
4.34679985 17.45730019 5.72609997 3.000000 3.000000
4.30350018 18.33539963 6.55639982 3.000000 3.000000
4.27440023 17.51950073 5.77880001 3.000000 3.000000
4.28579998 17.48800087 5.75120020 3.000000 3.000000
4.31010008 17.35729980 5.73479986 3.000000 3.000000
4.30679989 17.48830032 5.89349985 3.000000 3.000000
4.25589991 17.55730057 5.80919981 3.000000 3.000000
4.28749990 17.52029991 5.77829981 3.000000 3.000000
4.28989983 17.95770073 6.14309978 3.000000 3.000000
4.30679989 17.40880013 5.74480009 3.000000 3.000000
4.30170012 17.88890076 6.08620024 3.000000 3.000000
4.34549999 17.30200005 5.75880003 3.000000 3.000000
4.33669996 17.33569908 5.78730011 3.000000 3.000000
4.33809996 17.51280022 5.77220011 3.000000 3.000000
4.24940014 17.79560089 6.00939989 3.000000 3.000000
4.29129982 18.57099915 6.66529989 3.000000 3.000000
4.31519985 17.49349976 5.75640011 3.000000 3.000000
4.30989981 17.44440079 5.80709982 3.000000 3.000000
4.25920010 17.58250046 5.82980013 3.000000 3.000000
4.33430004 17.44969940 5.72100019 3.000000 3.000000
4.35209990 17.22579956 5.69490004 3.000000 3.000000
4.34849977 17.31229973 5.76730013 3.000000 3.000000
4.26789999 17.45470047 5.88679981 3.000000 3.000000
4.34989977 17.46129990 5.72919989 3.000000 3.000000
4.31059980 17.40810013 5.79099989 3.000000 3.000000
4.30439997 17.78860092 6.06069994 3.000000 3.000000
4.31010008 17.41889954 5.79050016 3.000000 3.000000
4.26569986 17.83329964 6.03940010 3.000000 3.000000
4.28700018 17.90979958 6.10290003 3.000000 3.000000
4.24609995 17.82939911 6.03859997 3.000000 3.000000
4.33260012 17.26169968 5.72529984 3.000000 3.000000
4.34180021 17.31159973 5.76700020 3.000000 3.000000
4.31589985 17.47299957 5.73899984 3.000000 3.000000
4.31729984 17.28499985 5.74170017 3.000000 3.000000
4.34700012 17.95140076 6.13770008 3.000000 3.000000
4.31300020 17.76420021 6.15159988 3.000000 3.000000
4.30299997 18.32110023 6.56360006 3.000000 3.000000
4.30690002 17.38199997 5.70650005 3.000000 3.000000
4.34530020 17.48159981 5.74770021 3.000000 3.000000
4.35799980 17.22649956 5.69600010 3.000000 3.000000
4.27659988 17.55190086 5.80410004 3.000000 3.000000
4.30350018 18.41209984 6.61259985 3.000000 3.000000
4.30670023 17.47500038 5.88630009 3.000000 3.000000
4.30289984 18.40489960 6.55579996 3.000000 3.000000
4.31020021 17.40810013 5.80350018 3.000000 3.000000
4.35209990 17.30929947 5.76459980 3.000000 3.000000
4.31890011 17.34070015 5.78980017 3.000000 3.000000
4.31479979 17.91430092 6.10769987 3.000000 3.000000
4.30070019 17.82900047 6.08949995 3.000000 3.000000
4.30179977 18.47430038 6.61079979 3.000000 3.000000
4.33949995 17.74029922 6.13119984 3.000000 3.000000
4.33239985 17.83169937 6.03789997 3.000000 3.000000
4.36819983 17.49699974 5.75960016 3.000000 3.000000
4.37279987 17.45929909 5.72800016 3.000000 3.000000
4.30380011 18.45890045 6.61899996 3.000000 3.000000
4.31010008 17.40010071 5.76760006 3.000000 3.000000
4.30660009 17.82839966 6.10900021 3.000000 3.000000
4.31029987 17.32570076 5.72539997 3.000000 3.000000
4.30319977 18.36610031 6.52320004 3.000000 3.000000
4.34240007 17.53520012 5.96129990 3.000000 3.000000
4.29510021 18.31110001 6.59560013 3.000000 3.000000
4.33890009 17.47809982 5.74340010 3.000000 3.000000
4.30600023 17.48240089 5.74669981 3.000000 3.000000
4.25099993 17.46999931 5.74809980 3.000000 3.000000
4.28639984 17.55579948 5.80779982 3.000000 3.000000
4.30229998 18.35729980 6.62349987 3.000000 3.000000
4.30399990 17.46120071 5.73140001 3.000000 3.000000
4.30989981 17.37220001 5.80070019 3.000000 3.000000
4.36870003 17.42320061 5.69810009 3.000000 3.000000
4.30719995 17.32019997 5.66349983 3.000000 3.000000
4.27640009 17.46579933 5.73519993 3.000000 3.000000
4.30359983 18.49029922 6.66050005 3.000000 3.000000
4.30670023 17.79479980 6.08620024 3.000000 3.000000
4.24639988 18.58379936 6.66510010 3.000000 3.000000
4.30760002 17.43379974 5.84899998 3.000000 3.000000
4.30980015 17.30800056 5.73350000 3.000000 3.000000
4.34849977 17.30570030 5.76189995 3.000000 3.000000
4.31330013 17.27339935 5.72809982 3.000000 3.000000
4.30319977 18.32099915 6.58209991 3.000000 3.000000
4.30399990 18.17250061 6.45170021 3.000000 3.000000
4.30389977 18.35810089 6.54099989 3.000000 3.000000
4.30980015 17.35050011 5.77220011 3.000000 3.000000
4.27339983 17.56879997 5.81829977 3.000000 3.000000
4.32040024 17.46260071 5.72980022 3.000000 3.000000
4.25489998 17.54380035 5.79850006 3.000000 3.000000
4.30630016 17.86179924 6.15679979 3.000000 3.000000
4.28020000 17.56920052 5.81860018 3.000000 3.000000
4.30679989 17.54310036 5.79720020 3.000000 3.000000
4.26889992 17.89920044 6.09480000 3.000000 3.000000
4.37300014 17.26320076 5.72739983 3.000000 3.000000
4.30959988 17.29789925 5.73470020 3.000000 3.000000
4.29949999 18.41069984 6.67570019 3.000000 3.000000
4.25400019 18.38249969 6.65959978 3.000000 3.000000
4.25960016 17.89380074 6.09060001 3.000000 3.000000
4.30369997 18.42790031 6.66139984 3.000000 3.000000
4.34969997 17.25359917 5.71789980 3.000000 3.000000
4.31029987 17.36140060 5.77689981 3.000000 3.000000
4.35489988 17.46710014 5.90500021 3.000000 3.000000
4.31010008 17.43330002 5.79549980 3.000000 3.000000
4.30399990 18.42830086 6.59639978 3.000000 3.000000
4.30359983 18.38899994 6.60960007 3.000000 3.000000
4.36219978 17.42270088 5.69759989 3.000000 3.000000
4.36390018 17.45490074 5.72380018 3.000000 3.000000
4.30989981 17.56010056 5.81199980 3.000000 3.000000
4.32560015 17.34510040 5.79589987 3.000000 3.000000
4.26410007 17.81349945 6.02339983 3.000000 3.000000
4.30719995 17.22789955 5.63940001 3.000000 3.000000
4.30929995 17.32929993 5.75619984 3.000000 3.000000
4.33549976 17.29080009 5.75010014 3.000000 3.000000
4.26779985 17.51169968 5.77099991 3.000000 3.000000
4.29230022 18.15229988 6.46449995 3.000000 3.000000
4.30649996 17.89500046 6.15490007 3.000000 3.000000
4.34829998 17.52389908 5.78109980 3.000000 3.000000
4.30340004 18.37269974 6.56110001 3.000000 3.000000
4.30389977 18.45089912 6.59940004 3.000000 3.000000
4.30399990 18.23780060 6.48929977 3.000000 3.000000
4.36940002 17.23520088 5.70340014 3.000000 3.000000
4.24770021 17.52379990 5.78289986 3.000000 3.000000
4.34219980 17.85300064 6.22660017 3.000000 3.000000
4.31680012 17.25979996 5.72060013 3.000000 3.000000
4.33510017 17.31089973 5.76669979 3.000000 3.000000
4.30660009 17.78210068 6.09539986 3.000000 3.000000
4.35249996 17.50620079 5.76639986 3.000000 3.000000
4.28340006 18.13240051 6.44390011 3.000000 3.000000
4.30730009 17.38220024 5.69509983 3.000000 3.000000
4.36320019 17.73590088 6.12909985 3.000000 3.000000
4.28359985 17.58720016 5.83330011 3.000000 3.000000
4.30329990 18.32139969 6.52689981 3.000000 3.000000
4.30649996 17.83499908 6.11679983 3.000000 3.000000
4.26669979 17.56850052 5.81790018 3.000000 3.000000
4.29349995 17.48369980 5.74940014 3.000000 3.000000
4.35769987 17.31679916 5.77120018 3.000000 3.000000
4.30509996 17.80830002 6.01830006 3.000000 3.000000
4.27360010 17.44650078 5.71929979 3.000000 3.000000
4.30579996 18.39279938 6.67840004 3.000000 3.000000
4.25290012 18.38540077 6.67049980 3.000000 3.000000
4.30289984 18.37150002 6.65840006 3.000000 3.000000
4.25890017 18.35540009 6.64519978 3.000000 3.000000
4.27279997 18.35149956 6.64179993 3.000000 3.000000
4.30170012 18.34029961 6.63310003 3.000000 3.000000
4.30950022 18.33729935 6.63079977 3.000000 3.000000
4.32399988 18.33239937 6.62690020 3.000000 3.000000
4.27180004 18.32229996 6.61759996 3.000000 3.000000
4.30840015 18.30610085 6.60559988 3.000000 3.000000
4.25670004 18.29640007 6.59649992 3.000000 3.000000
4.27829981 18.28969955 6.59100008 3.000000 3.000000
4.29300022 18.28310013 6.58610010 3.000000 3.000000
4.31449986 18.27470016 6.57959986 3.000000 3.000000
4.26289988 18.26530075 6.57079983 3.000000 3.000000
4.29930019 18.25149918 6.56010008 3.000000 3.000000
4.32040024 18.24449921 6.55439997 3.000000 3.000000
4.32789993 18.24270058 6.55280018 3.000000 3.000000
4.29040003 18.22929955 6.54050016 3.000000 3.000000
4.29799986 18.22480011 6.53739977 3.000000 3.000000
4.30530024 18.22109985 6.53480005 3.000000 3.000000
4.25269985 18.20989990 6.52519989 3.000000 3.000000
4.26049995 18.20639992 6.52260017 3.000000 3.000000
4.26819992 18.20509911 6.52120018 3.000000 3.000000
4.27540016 18.20359993 6.51980019 3.000000 3.000000
4.30469990 18.19090080 6.51030016 3.000000 3.000000
4.34700012 18.18040085 6.50089979 3.000000 3.000000
4.28940010 18.16830063 6.49119997 3.000000 3.000000
4.30259991 18.16790009 6.48979998 3.000000 3.000000
4.35270023 18.15069962 6.47620010 3.000000 3.000000
4.27250004 18.14749908 6.47340012 3.000000 3.000000
4.28760004 18.14310074 6.46960020 3.000000 3.000000
4.35869980 18.12000084 6.45100021 3.000000 3.000000
4.28609991 18.11660004 6.44740009 3.000000 3.000000
4.30100012 18.11059952 6.44280005 3.000000 3.000000
4.32200003 18.10370064 6.43730021 3.000000 3.000000
4.33580017 18.10099983 6.43459988 3.000000 3.000000
4.25369978 18.07220078 6.41029978 3.000000 3.000000
4.26809978 18.06679916 6.40609980 3.000000 3.000000
4.31269979 18.05260086 6.39449978 3.000000 3.000000
4.31979990 18.05069923 6.39279985 3.000000 3.000000
4.34730005 18.04249954 6.38600016 3.000000 3.000000
4.28889990 18.03240013 6.37779999 3.000000 3.000000
4.29629993 18.03050041 6.37610006 3.000000 3.000000
4.31839991 18.02409935 6.37060022 3.000000 3.000000
4.33920002 18.01679993 6.36499977 3.000000 3.000000
4.34579992 18.01589966 6.36390018 3.000000 3.000000
4.35330009 18.01189995 6.36110020 3.000000 3.000000
4.27330017 18.00939941 6.35890007 3.000000 3.000000
4.29470015 18.00399971 6.35400009 3.000000 3.000000
4.30989981 17.99909973 6.35010004 3.000000 3.000000
4.31699991 17.99710083 6.34840012 3.000000 3.000000
4.32429981 17.99449921 6.34630013 3.000000 3.000000
4.33129978 17.99300003 6.34490013 3.000000 3.000000
4.34499979 17.98769951 6.34089994 3.000000 3.000000
4.26499987 17.98699951 6.33970022 3.000000 3.000000
4.27150011 17.98640060 6.33879995 3.000000 3.000000
4.28599977 17.97990036 6.33400011 3.000000 3.000000
4.30060005 17.97480011 6.32999992 3.000000 3.000000
4.30800009 17.97260094 6.32810020 3.000000 3.000000
4.36439991 17.95529938 6.31389999 3.000000 3.000000
4.25610018 17.96170044 6.31909990 3.000000 3.000000
4.26380014 17.95999908 6.31750011 3.000000 3.000000
4.29899979 17.95019913 6.30910015 3.000000 3.000000
4.34919977 17.93370056 6.29589987 3.000000 3.000000
4.25479984 17.93619919 6.29780006 3.000000 3.000000
4.26189995 17.93370056 6.29580021 3.000000 3.000000
4.29740000 17.92429924 6.28749990 3.000000 3.000000
4.30490017 17.92160034 6.28539991 3.000000 3.000000
4.31199980 17.91900063 6.28340006 3.000000 3.000000
4.36180019 17.90299988 6.27050018 3.000000 3.000000
4.26719999 17.90839958 6.27390003 3.000000 3.000000
4.29650021 17.89699936 6.26529980 3.000000 3.000000
4.36009979 17.87910080 6.25010014 3.000000 3.000000
4.36700010 17.87709999 6.24849987 3.000000 3.000000
4.29540014 17.87100029 6.24380016 3.000000 3.000000
4.33839989 17.85829926 6.23320007 3.000000 3.000000
4.35960007 17.85129929 6.22760010 3.000000 3.000000
4.25780010 17.85569954 6.23129988 3.000000 3.000000
4.26469994 17.85580063 6.23070002 3.000000 3.000000
4.27950001 17.85009956 6.22629976 3.000000 3.000000
4.33620024 17.83410072 6.21280003 3.000000 3.000000
4.26319981 17.83020020 6.20959997 3.000000 3.000000
4.29290009 17.82060051 6.20179987 3.000000 3.000000
4.32760000 17.81040001 6.19329977 3.000000 3.000000
4.28369999 17.79890060 6.18340015 3.000000 3.000000
4.29050016 17.79739952 6.18200016 3.000000 3.000000
4.31199980 17.79089928 6.17659998 3.000000 3.000000
4.31920004 17.78730011 6.17409992 3.000000 3.000000
4.34019995 17.78070068 6.16879988 3.000000 3.000000
4.34719992 17.77980042 6.16760015 3.000000 3.000000
4.27500010 17.77479935 6.16379976 3.000000 3.000000
4.30410004 17.76700020 6.15700006 3.000000 3.000000
4.31769991 17.76339912 6.15390015 3.000000 3.000000
4.36719990 17.74810028 6.14150000 3.000000 3.000000
4.28049994 17.74880028 6.14190006 3.000000 3.000000
4.29510021 17.74480057 6.13850021 3.000000 3.000000
4.30980015 17.73990059 6.13460016 3.000000 3.000000
4.35090017 17.72830009 6.12489986 3.000000 3.000000
4.31540012 17.71299934 6.11240005 3.000000 3.000000
4.32219982 17.71170044 6.11110020 3.000000 3.000000
4.32789993 17.68470001 6.08879995 3.000000 3.000000
4.30789995 18.14629936 6.32480001 3.000000 3.000000
4.32779980 18.17970085 6.34000015 3.000000 3.000000
4.33330011 17.65839958 6.06699991 3.000000 3.000000
4.33970022 17.65740013 6.06589985 3.000000 3.000000
4.34689999 17.65299988 6.06300020 3.000000 3.000000
4.36740017 17.64769936 6.05840015 3.000000 3.000000
4.30980015 17.64240074 6.05319977 3.000000 3.000000
4.31710005 17.63999939 6.05119991 3.000000 3.000000
4.33169985 17.63470078 6.04720020 3.000000 3.000000
4.36560011 17.62529945 6.03929996 3.000000 3.000000
4.31269979 17.35460091 5.79379988 3.000000 3.000000
4.32310009 17.48690033 5.75019979 3.000000 3.000000
4.28840017 17.86380005 6.06479979 3.000000 3.000000
4.31050014 17.38619995 5.76840019 3.000000 3.000000
4.30679989 17.88139915 6.16419983 3.000000 3.000000
4.37309980 17.26989937 5.73260021 3.000000 3.000000
4.30399990 18.42830086 6.58720016 3.000000 3.000000
4.32000017 17.45529938 5.72469997 3.000000 3.000000
4.27580023 18.37319946 6.65010023 3.000000 3.000000
4.30229998 17.76309967 6.13630009 3.000000 3.000000
4.35220003 17.47900009 5.74410009 3.000000 3.000000
4.30480003 18.23399925 6.42850018 3.000000 3.000000
4.30980015 17.33959961 5.76090002 3.000000 3.000000
4.34329987 17.95829964 6.14389992 3.000000 3.000000
4.32259989 17.46629906 5.73379993 3.000000 3.000000
4.31629992 17.90640068 6.10050011 3.000000 3.000000
4.31040001 17.51810074 5.77720022 3.000000 3.000000
4.30329990 18.32130051 6.54530001 3.000000 3.000000
4.31020021 17.33279991 5.74910021 3.000000 3.000000
4.31879997 17.33390045 5.78439999 3.000000 3.000000
4.36859989 17.46969986 5.73680019 3.000000 3.000000
4.30399990 18.48209953 6.65950012 3.000000 3.000000
4.25950003 17.30349922 5.76450014 3.000000 3.000000
4.30459976 18.18449974 6.45249987 3.000000 3.000000
4.28499985 18.33799934 6.62200022 3.000000 3.000000
4.34259987 17.43490028 5.70949984 3.000000 3.000000
4.30000019 17.82259941 6.03149986 3.000000 3.000000
4.30399990 18.18589973 6.47389984 3.000000 3.000000
4.26060009 17.94120026 6.12979984 3.000000 3.000000
4.34819984 17.31949997 5.77290010 3.000000 3.000000
4.30060005 18.24390030 6.53439999 3.000000 3.000000
4.29750013 17.89590073 6.09210014 3.000000 3.000000
4.30439997 18.19669914 6.43979979 3.000000 3.000000
4.30350018 18.49769974 6.66139984 3.000000 3.000000
4.28989983 17.58029938 5.82830000 3.000000 3.000000
4.34369993 17.71710014 6.11189985 3.000000 3.000000
4.24630022 17.92210007 6.11569977 3.000000 3.000000
4.33939981 17.30789948 5.76329994 3.000000 3.000000
4.30600023 17.78860092 6.14470005 3.000000 3.000000
4.30730009 17.39489937 5.70830011 3.000000 3.000000
4.36149979 17.26180077 5.72520018 3.000000 3.000000
4.31050014 17.37529945 5.74499989 3.000000 3.000000
4.30530024 17.50309944 5.76420021 3.000000 3.000000
4.30420017 18.20859909 6.46750021 3.000000 3.000000
4.27029991 17.60009956 5.84420013 3.000000 3.000000
4.24749994 17.86210060 6.07019997 3.000000 3.000000
4.30609989 17.80349922 6.16050005 3.000000 3.000000
4.24879980 17.81539917 6.02430010 3.000000 3.000000
4.31110001 17.36459923 5.73939991 3.000000 3.000000
4.30760002 17.24200058 5.59560013 3.000000 3.000000
4.33750010 17.82430077 6.03249979 3.000000 3.000000
4.30670023 17.84840012 6.15789986 3.000000 3.000000
4.31040001 17.33279991 5.74289989 3.000000 3.000000
4.30019999 17.56320000 5.81409979 3.000000 3.000000
4.26319981 17.46190071 5.89230013 3.000000 3.000000
4.34859991 17.49570084 5.75820017 3.000000 3.000000
4.30420017 18.25279999 6.50960016 3.000000 3.000000
4.28049994 17.56220055 5.81260014 3.000000 3.000000
4.33850002 17.43169975 5.70489979 3.000000 3.000000
4.30980015 17.41189957 5.81589985 3.000000 3.000000
4.31199980 17.33670044 5.77759981 3.000000 3.000000
4.28739977 17.57649994 5.82439995 3.000000 3.000000
4.35720015 17.95680046 6.14230013 3.000000 3.000000
4.33960009 17.24930000 5.71479988 3.000000 3.000000
4.26989985 17.54459953 5.79790020 3.000000 3.000000
4.25600004 17.53660011 5.79169989 3.000000 3.000000
4.36450005 17.30410004 5.76060009 3.000000 3.000000
4.35290003 17.48570061 5.74910021 3.000000 3.000000
4.30740023 17.44790077 5.78259993 3.000000 3.000000
4.31029987 17.40010071 5.76130009 3.000000 3.000000
4.31110001 17.33300018 5.77269983 3.000000 3.000000
4.34700012 17.57810020 5.99779987 3.000000 3.000000
4.30329990 18.44339943 6.60739994 3.000000 3.000000
4.30200005 18.25209999 6.53599977 3.000000 3.000000
4.31479979 17.82080078 6.03030014 3.000000 3.000000
4.30690002 17.83510017 6.15049982 3.000000 3.000000
4.30649996 17.78849983 6.11159992 3.000000 3.000000
4.30140018 18.26009941 6.54600000 3.000000 3.000000
4.31729984 17.53310013 5.78879976 3.000000 3.000000
4.24819994 17.27589989 5.73820019 3.000000 3.000000
4.24800014 17.27129936 5.73369980 3.000000 3.000000
4.25010014 17.25569916 5.72160006 3.000000 3.000000
4.25089979 17.24259949 5.71029997 3.000000 3.000000
4.25290012 17.22500038 5.69630003 3.000000 3.000000
4.25330019 17.22050095 5.69250011 3.000000 3.000000
4.24739981 17.37750053 5.82219982 3.000000 3.000000
4.24940014 17.36070061 5.80840015 3.000000 3.000000
4.25040007 17.35300064 5.80229998 3.000000 3.000000
4.25159979 17.34029961 5.79169989 3.000000 3.000000
4.25419998 17.31439972 5.77019978 3.000000 3.000000
4.25570011 17.30200005 5.76020002 3.000000 3.000000
4.25899982 17.25970078 5.72459984 3.000000 3.000000
4.26030016 17.24270058 5.71040010 3.000000 3.000000
4.26210022 17.23390007 5.70419979 3.000000 3.000000
4.26219988 17.22459984 5.69579983 3.000000 3.000000
4.26240015 17.22019958 5.69199991 3.000000 3.000000
4.24749994 17.46450043 5.89459991 3.000000 3.000000
4.24809980 17.45929909 5.89029980 3.000000 3.000000
4.25239992 17.43090057 5.86759996 3.000000 3.000000
4.25419998 17.41370010 5.85319996 3.000000 3.000000
4.25409985 17.40940094 5.84910011 3.000000 3.000000
4.25759983 17.37829971 5.82329988 3.000000 3.000000
4.26000023 17.35370064 5.80280018 3.000000 3.000000
4.26039982 17.34910011 5.79899979 3.000000 3.000000
4.26160002 17.34059906 5.79220009 3.000000 3.000000
4.26179981 17.33609962 5.78830004 3.000000 3.000000
4.26429987 17.31040001 5.76709986 3.000000 3.000000
4.26809978 17.27319908 5.73670006 3.000000 3.000000
4.26849985 17.26420021 5.72879982 3.000000 3.000000
4.26910019 17.25589943 5.72179985 3.000000 3.000000
4.26989985 17.24629974 5.71390009 3.000000 3.000000
4.27089977 17.23740005 5.70690012 3.000000 3.000000
4.27099991 17.23299980 5.70300007 3.000000 3.000000
4.27229977 17.21190071 5.68520021 3.000000 3.000000
4.27290010 17.20269966 5.67749977 3.000000 3.000000
4.25540018 17.47730064 5.90469980 3.000000 3.000000
4.25740004 17.46899986 5.89870024 3.000000 3.000000
4.26100016 17.43029976 5.86579990 3.000000 3.000000
4.26319981 17.41869926 5.85699987 3.000000 3.000000
4.26739979 17.37890053 5.82399988 3.000000 3.000000
4.26859999 17.37129974 5.81809998 3.000000 3.000000
4.26900005 17.36269951 5.81050014 3.000000 3.000000
4.27080011 17.34980011 5.80019999 3.000000 3.000000
4.27050018 17.34480095 5.79540014 3.000000 3.000000
4.27659988 17.28590012 5.74730015 3.000000 3.000000
4.27759981 17.27300072 5.73649979 3.000000 3.000000
4.28160000 17.21109962 5.68450022 3.000000 3.000000
4.28299999 17.20319939 5.67880011 3.000000 3.000000
4.26410007 17.48640060 5.91190004 3.000000 3.000000
4.26630020 17.47820091 5.90630007 3.000000 3.000000
4.26700020 17.46949959 5.89870024 3.000000 3.000000
4.27019978 17.44449997 5.87830019 3.000000 3.000000
4.27180004 17.43650055 5.87230015 3.000000 3.000000
4.27419996 17.40970039 5.84969997 3.000000 3.000000
4.27510023 17.40559959 5.84670019 3.000000 3.000000
4.27559996 17.39660072 5.83890009 3.000000 3.000000
4.28049994 17.35939980 5.80910015 3.000000 3.000000
4.28130007 17.34119987 5.79309988 3.000000 3.000000
4.28499985 17.30340004 5.76210022 3.000000 3.000000
4.28590012 17.29500008 5.75540018 3.000000 3.000000
4.28630018 17.29089928 5.75199986 3.000000 3.000000
4.28879976 17.25469971 5.72160006 3.000000 3.000000
4.29059982 17.22459984 5.69640017 3.000000 3.000000
4.29209995 17.20730019 5.68219995 3.000000 3.000000
4.27540016 17.48299980 5.90980005 3.000000 3.000000
4.27589989 17.47879982 5.90640020 3.000000 3.000000
4.27670002 17.47450066 5.90310001 3.000000 3.000000
4.27699995 17.47039986 5.89949989 3.000000 3.000000
4.27780008 17.46139908 5.89190006 3.000000 3.000000
4.27930021 17.45389938 5.88619995 3.000000 3.000000
4.28109980 17.44589996 5.88040018 3.000000 3.000000
4.28439999 17.40999985 5.85020018 3.000000 3.000000
4.28459978 17.40559959 5.84630013 3.000000 3.000000
4.28660011 17.38929939 5.83319998 3.000000 3.000000
4.28739977 17.38120079 5.82649994 3.000000 3.000000
4.29220009 17.32789993 5.78219986 3.000000 3.000000
4.29330015 17.31159973 5.76830006 3.000000 3.000000
4.29530001 17.28120041 5.74280024 3.000000 3.000000
4.29740000 17.24480057 5.71199989 3.000000 3.000000
4.29750013 17.23119926 5.69990015 3.000000 3.000000
4.29829979 17.21310043 5.68450022 3.000000 3.000000
4.29879999 17.20000076 5.67329979 3.000000 3.000000
4.28429985 17.49230003 5.91739988 3.000000 3.000000
4.28569984 17.47949982 5.90679979 3.000000 3.000000
4.28830004 17.46310043 5.89389992 3.000000 3.000000
4.29020023 17.44630051 5.88000011 3.000000 3.000000
4.29349995 17.40999985 5.84950018 3.000000 3.000000
4.29740000 17.36160088 5.80880022 3.000000 3.000000
4.29759979 17.35269928 5.80089998 3.000000 3.000000
4.29939985 17.33060074 5.78240013 3.000000 3.000000
4.29890013 17.32119942 5.77339983 3.000000 3.000000
4.30149984 17.25760078 5.71850014 3.000000 3.000000
4.30170012 17.25289917 5.71449995 3.000000 3.000000
4.30200005 17.24489975 5.70760012 3.000000 3.000000
4.30229998 17.23069954 5.69519997 3.000000 3.000000
4.30249977 17.22620010 5.69140005 3.000000 3.000000
4.29489994 17.47909927 5.90549994 3.000000 3.000000
4.29629993 17.46649933 5.89519978 3.000000 3.000000
4.29879999 17.42959976 5.86339998 3.000000 3.000000
4.29960012 17.41620064 5.85169983 3.000000 3.000000
4.30060005 17.39889908 5.83680010 3.000000 3.000000
4.30070019 17.38949966 5.82830000 3.000000 3.000000
4.30200005 17.36160088 5.80399990 3.000000 3.000000
4.30229998 17.34289932 5.78730011 3.000000 3.000000
4.30420017 17.31279945 5.76179981 3.000000 3.000000
4.30380011 17.30789948 5.75710011 3.000000 3.000000
4.30399990 17.30349922 5.75320005 3.000000 3.000000
4.30520010 17.27039909 5.72459984 3.000000 3.000000
4.30509996 17.25620079 5.71180010 3.000000 3.000000
4.30539989 17.24799919 5.70480013 3.000000 3.000000
4.30600023 17.20199966 5.66450024 3.000000 3.000000
4.30039978 17.48480034 5.90670013 3.000000 3.000000
4.30179977 17.46710014 5.89160013 3.000000 3.000000
4.30270004 17.44860077 5.87540007 3.000000 3.000000
4.30350018 17.41519928 5.84539986 3.000000 3.000000
4.30389977 17.41110039 5.84200001 3.000000 3.000000
4.30429983 17.40719986 5.83879995 3.000000 3.000000
4.30389977 17.39769936 5.82969999 3.000000 3.000000
4.30439997 17.38800049 5.82130003 3.000000 3.000000
4.30499983 17.37420082 5.80940008 3.000000 3.000000
4.30520010 17.36490059 5.80100012 3.000000 3.000000
4.30520010 17.35079956 5.78819990 3.000000 3.000000
4.30649996 17.29640007 5.74030018 3.000000 3.000000
4.30639982 17.28709984 5.73190022 3.000000 3.000000
4.30700016 17.27199936 5.71890020 3.000000 3.000000
4.30700016 17.26749992 5.71490002 3.000000 3.000000
4.30660009 17.26250076 5.71000004 3.000000 3.000000
4.30679989 17.25779915 5.70599985 3.000000 3.000000
4.30700016 17.24959946 5.69890022 3.000000 3.000000
4.30679989 17.24460030 5.69420004 3.000000 3.000000
4.30700016 17.22579956 5.67770004 3.000000 3.000000
4.30749989 17.22170067 5.67449999 3.000000 3.000000
4.30459976 17.47500038 5.89239979 3.000000 3.000000
4.30499983 17.45639992 5.87550020 3.000000 3.000000
4.30550003 17.44140053 5.86229992 3.000000 3.000000
4.30530024 17.43619919 5.85720015 3.000000 3.000000
4.30630016 17.42749977 5.85020018 3.000000 3.000000
4.30560017 17.41729927 5.84019995 3.000000 3.000000
4.30600023 17.41320038 5.83680010 3.000000 3.000000
4.30630016 17.40909958 5.83330011 3.000000 3.000000
4.30620003 17.39480019 5.82019997 3.000000 3.000000
4.30660009 17.35210037 5.78179979 3.000000 3.000000
4.30649996 17.34700012 5.77710009 3.000000 3.000000
4.30730009 17.31570053 5.74949980 3.000000 3.000000
4.30639982 17.30570030 5.73969984 3.000000 3.000000
4.30700016 17.28770065 5.72419977 3.000000 3.000000
4.30740023 17.27239990 5.71080017 3.000000 3.000000
4.30700016 17.26280022 5.70190001 3.000000 3.000000
4.30730009 17.24970055 5.69049978 3.000000 3.000000
4.30730009 17.21710014 5.66149998 3.000000 3.000000
4.30630016 17.46699905 5.87739992 3.000000 3.000000
4.30620003 17.45750046 5.86870003 3.000000 3.000000
4.30620003 17.45219994 5.86369991 3.000000 3.000000
4.30660009 17.44239998 5.85510015 3.000000 3.000000
4.30600023 17.41769981 5.83190012 3.000000 3.000000
4.30700016 17.38579941 5.80380011 3.000000 3.000000
4.30700016 17.37100029 5.79029989 3.000000 3.000000
4.30700016 17.36190033 5.78210020 3.000000 3.000000
4.30660009 17.34709930 5.76830006 3.000000 3.000000
4.30730009 17.31559944 5.74060011 3.000000 3.000000
4.30730009 17.27230072 5.70179987 3.000000 3.000000
4.30709982 17.24959946 5.68139982 3.000000 3.000000
4.30730009 17.24029922 5.67329979 3.000000 3.000000
4.30700016 17.23500061 5.66839981 3.000000 3.000000
4.30670023 17.44759941 5.85099983 3.000000 3.000000
4.30620003 17.43190002 5.83610010 3.000000 3.000000
4.30670023 17.42779922 5.83279991 3.000000 3.000000
4.30660009 17.35199928 5.76380014 3.000000 3.000000
4.30690002 17.34720039 5.75979996 3.000000 3.000000
4.30679989 17.34210014 5.75509977 3.000000 3.000000
4.30690002 17.32880020 5.74329996 3.000000 3.000000
4.30719995 17.31550026 5.73159981 3.000000 3.000000
4.30749989 17.30179977 5.71960020 3.000000 3.000000
4.30719995 17.29689980 5.71490002 3.000000 3.000000
4.30709982 17.23500061 5.65980005 3.000000 3.000000
4.30730009 17.22590065 5.65189981 3.000000 3.000000
4.30719995 17.21689987 5.64379978 3.000000 3.000000
4.30719995 17.21209908 5.63959980 3.000000 3.000000
4.30670023 17.44750023 5.84189987 3.000000 3.000000
4.30660009 17.42300034 5.81939983 3.000000 3.000000
4.30649996 17.39489937 5.79370022 3.000000 3.000000
4.30670023 17.33300018 5.73799992 3.000000 3.000000
4.30679989 17.32449913 5.73050022 3.000000 3.000000
4.30709982 17.21669960 5.63500023 3.000000 3.000000
4.30719995 17.20289993 5.62279987 3.000000 3.000000
4.30690002 17.40950012 5.79839993 3.000000 3.000000
4.30639982 17.39489937 5.78469992 3.000000 3.000000
4.30690002 17.36619949 5.75920010 3.000000 3.000000
4.30649996 17.34670067 5.74130011 3.000000 3.000000
4.30730009 17.33810043 5.73430014 3.000000 3.000000
4.30670023 17.33289909 5.72900009 3.000000 3.000000
4.30660009 17.28709984 5.68809986 3.000000 3.000000
4.30749989 17.27720070 5.68009996 3.000000 3.000000
4.30770016 17.25429916 5.65999985 3.000000 3.000000
4.30719995 17.23999977 5.64690018 3.000000 3.000000
4.30709982 17.21199989 5.62209988 3.000000 3.000000
4.30740023 17.20770073 5.61859989 3.000000 3.000000
4.30690002 17.42779922 5.80600023 3.000000 3.000000
4.30690002 17.41379929 5.79339981 3.000000 3.000000
4.30639982 17.39990044 5.78030014 3.000000 3.000000
4.30709982 17.37089920 5.75470018 3.000000 3.000000
4.30700016 17.36170006 5.74630022 3.000000 3.000000
4.30670023 17.35190010 5.73740005 3.000000 3.000000
4.30690002 17.33309937 5.72060013 3.000000 3.000000
4.30670023 17.32839966 5.71610022 3.000000 3.000000
4.30730009 17.31999969 5.70930004 3.000000 3.000000
4.30749989 17.31570053 5.70559978 3.000000 3.000000
4.30700016 17.31069946 5.70060015 3.000000 3.000000
4.30670023 17.25729942 5.65299988 3.000000 3.000000
4.30670023 17.24419975 5.64139986 3.000000 3.000000
4.30719995 17.23489952 5.63360023 3.000000 3.000000
4.30719995 17.23030090 5.62960005 3.000000 3.000000
4.30690002 17.22529984 5.62489986 3.000000 3.000000
4.30660009 17.40909958 5.77990007 3.000000 3.000000
4.30649996 17.39990044 5.77150011 3.000000 3.000000
4.30660009 17.39489937 5.76709986 3.000000 3.000000
4.30630016 17.38949966 5.76189995 3.000000 3.000000
4.24440002 17.28479958 5.58549976 3.000000 3.000000
4.24569988 17.26399994 5.56820011 3.000000 3.000000
4.24599981 17.25950050 5.56440020 3.000000 3.000000
4.24650002 17.25110054 5.55749989 3.000000 3.000000
4.25169992 17.31520081 5.61059999 3.000000 3.000000
4.25120020 17.31030083 5.60580015 3.000000 3.000000
4.25299978 17.28829956 5.58790016 3.000000 3.000000
4.25330019 17.27989960 5.58069992 3.000000 3.000000
4.25439978 17.27239990 5.57499981 3.000000 3.000000
4.25479984 17.26810074 5.57149982 3.000000 3.000000
4.25619984 17.24230003 5.55000019 3.000000 3.000000
4.25600004 17.23760033 5.54570007 3.000000 3.000000
4.25740004 17.22830009 5.53879976 3.000000 3.000000
4.25769997 17.20170021 5.51569986 3.000000 3.000000
4.26130009 17.31089973 5.60690022 3.000000 3.000000
4.26319981 17.28109932 5.58209991 3.000000 3.000000
4.26440001 17.26860046 5.57219982 3.000000 3.000000
4.26469994 17.24600029 5.55259991 3.000000 3.000000
4.26539993 17.24099922 5.54879999 3.000000 3.000000
4.26569986 17.23629951 5.54500008 3.000000 3.000000
4.26569986 17.23150063 5.54080009 3.000000 3.000000
4.26669979 17.21839905 5.53009987 3.000000 3.000000
4.26989985 17.32430077 5.61800003 3.000000 3.000000
4.26999998 17.31959915 5.61390018 3.000000 3.000000
4.27199984 17.30279922 5.60080004 3.000000 3.000000
4.27180004 17.29360008 5.59259987 3.000000 3.000000
4.27180004 17.28949928 5.58890009 3.000000 3.000000
4.27220011 17.28510094 5.58529997 3.000000 3.000000
4.27549982 17.20919991 5.52180004 3.000000 3.000000
4.27990007 17.31469917 5.61000013 3.000000 3.000000
4.27979994 17.30590057 5.60209990 3.000000 3.000000
4.28149986 17.28969955 5.58930016 3.000000 3.000000
4.28179979 17.28549957 5.58580017 3.000000 3.000000
4.28189993 17.28100014 5.58199978 3.000000 3.000000
4.28259993 17.26790047 5.57110023 3.000000 3.000000
4.28230000 17.26300049 5.56650019 3.000000 3.000000
4.28310013 17.25799942 5.56279993 3.000000 3.000000
4.28369999 17.24419975 5.55130005 3.000000 3.000000
4.28550005 17.20000076 5.51450014 3.000000 3.000000
4.28989983 17.30249977 5.59959984 3.000000 3.000000
4.29059982 17.29409981 5.59280014 3.000000 3.000000
4.29069996 17.28949928 5.58890009 3.000000 3.000000
4.29250002 17.25270081 5.55840015 3.000000 3.000000
4.29379988 17.24440002 5.55229998 3.000000 3.000000
4.29309988 17.23539925 5.54390001 3.000000 3.000000
4.29339981 17.23100090 5.54020023 3.000000 3.000000
4.29379988 17.21699905 5.52850008 3.000000 3.000000
4.29879999 17.31110001 5.60669994 3.000000 3.000000
4.30219984 17.24410057 5.55119991 3.000000 3.000000
4.30270004 17.23509979 5.54390001 3.000000 3.000000
4.30299997 17.21660042 5.52810001 3.000000 3.000000
4.30810022 17.32500076 5.61859989 3.000000 3.000000
4.30730009 17.31940079 5.61299992 3.000000 3.000000
4.31090021 17.26070023 5.56510019 3.000000 3.000000
4.31129980 17.25279999 5.55849981 3.000000 3.000000
4.31220007 17.21170044 5.52379990 3.000000 3.000000
4.31269979 17.20240021 5.51620007 3.000000 3.000000
4.31860018 17.30279922 5.60020018 3.000000 3.000000
4.31939983 17.28310013 5.58379984 3.000000 3.000000
4.32009983 17.26549911 5.56909990 3.000000 3.000000
4.32019997 17.26119995 5.56549978 3.000000 3.000000
4.32119989 17.23830032 5.54650021 3.000000 3.000000
4.32149982 17.22960091 5.53940010 3.000000 3.000000
4.32170010 17.21579933 5.52759981 3.000000 3.000000
4.32189989 17.21109962 5.52379990 3.000000 3.000000
4.32730007 17.32029915 5.61469984 3.000000 3.000000
4.32779980 17.31159973 5.60760021 3.000000 3.000000
4.32810020 17.29640007 5.59469986 3.000000 3.000000
4.32870007 17.28269958 5.58339977 3.000000 3.000000
4.32870007 17.26460075 5.56769991 3.000000 3.000000
4.32989979 17.24200058 5.54920006 3.000000 3.000000
4.33120012 17.21529961 5.52750015 3.000000 3.000000
4.33129978 17.20680046 5.52040005 3.000000 3.000000
4.33720016 17.30520058 5.60200024 3.000000 3.000000
4.33720016 17.30019951 5.59770012 3.000000 3.000000
4.33830023 17.28289986 5.58370018 3.000000 3.000000
4.33790016 17.27809906 5.57910013 3.000000 3.000000
4.33900023 17.25519943 5.56040001 3.000000 3.000000
4.33990002 17.22340012 5.53389978 3.000000 3.000000
4.33960009 17.21850014 5.52950001 3.000000 3.000000
4.34539986 17.32390022 5.61700010 3.000000 3.000000
4.34590006 17.31859970 5.61289978 3.000000 3.000000
4.34649992 17.31419945 5.60960007 3.000000 3.000000
4.34679985 17.30480003 5.60179996 3.000000 3.000000
4.34759998 17.28260040 5.58330011 3.000000 3.000000
4.34789991 17.26829910 5.57119989 3.000000 3.000000
4.34770012 17.25889969 5.56290007 3.000000 3.000000
4.34849977 17.24580002 5.55249977 3.000000 3.000000
4.34840012 17.24090004 5.54820013 3.000000 3.000000
4.34910011 17.20989990 5.52239990 3.000000 3.000000
4.35580015 17.29520035 5.59299994 3.000000 3.000000
4.35650015 17.28630066 5.58610010 3.000000 3.000000
4.35760021 17.26370049 5.56769991 3.000000 3.000000
4.35769987 17.24460030 5.55140018 3.000000 3.000000
4.35809994 17.22730064 5.53709984 3.000000 3.000000
4.35839987 17.22299957 5.53369999 3.000000 3.000000
4.36460018 17.32649994 5.61940002 3.000000 3.000000
4.32149982 17.64929962 6.05600023 3.000000 3.000000
4.36499977 17.50699997 5.76779985 3.000000 3.000000
4.31309986 17.45479965 5.72450018 3.000000 3.000000
4.30749989 17.50130081 5.82740021 3.000000 3.000000
4.28049994 17.58349991 5.82999992 3.000000 3.000000
4.30380011 18.34329987 6.58529997 3.000000 3.000000
4.28160000 17.92519951 6.11600018 3.000000 3.000000
4.30870008 17.71879959 6.11369991 3.000000 3.000000
4.30730009 17.36989975 5.68179989 3.000000 3.000000
4.32709980 17.24780083 5.71330023 3.000000 3.000000
4.30670023 17.40880013 5.76789999 3.000000 3.000000
4.30639982 17.81529999 6.14309978 3.000000 3.000000
4.24790001 17.51659966 5.78359985 3.000000 3.000000
4.31069994 17.42239952 5.77750015 3.000000 3.000000
4.30389977 18.14859962 6.43730021 3.000000 3.000000
4.29239988 17.88290024 6.08220005 3.000000 3.000000
4.30369997 17.48880005 5.90850019 3.000000 3.000000
4.30940008 17.29109955 5.72949982 3.000000 3.000000
4.30740023 17.46080017 5.81409979 3.000000 3.000000
4.33010006 17.67029953 6.07410002 3.000000 3.000000
4.34250021 17.48830032 5.75180006 3.000000 3.000000
4.30399990 18.27630043 6.50320005 3.000000 3.000000
4.30369997 18.39640045 6.58279991 3.000000 3.000000
4.30369997 18.38100052 6.60860014 3.000000 3.000000
4.30359983 18.46689987 6.62930012 3.000000 3.000000
4.27290010 17.54780006 5.80130005 3.000000 3.000000
4.33419991 17.27930069 5.74030018 3.000000 3.000000
4.30380011 18.32889938 6.55569983 3.000000 3.000000
4.32170010 17.24720001 5.71180010 3.000000 3.000000
4.30389977 18.35129929 6.51249981 3.000000 3.000000
4.31010008 17.33970070 5.77290010 3.000000 3.000000
4.34649992 17.82909966 6.20679998 3.000000 3.000000
4.30450010 17.77000046 6.13689995 3.000000 3.000000
4.33220005 17.30710030 5.76340008 3.000000 3.000000
4.30350018 18.44339943 6.62610006 3.000000 3.000000
4.35379982 17.32690048 5.77960014 3.000000 3.000000
4.30999994 17.42620087 5.80229998 3.000000 3.000000
4.31059980 17.34329987 5.73570013 3.000000 3.000000
4.31059980 17.45499992 5.80569983 3.000000 3.000000
4.36019993 17.23730087 5.70489979 3.000000 3.000000
4.31059980 17.41530037 5.77199984 3.000000 3.000000
4.30350018 18.41189957 6.64979982 3.000000 3.000000
4.31990004 17.31279945 5.76719999 3.000000 3.000000
4.33260012 17.48430061 5.74840021 3.000000 3.000000
4.29090023 18.55710030 6.67299986 3.000000 3.000000
4.31419992 17.43969917 5.71309996 3.000000 3.000000
4.30299997 18.39599991 6.62890005 3.000000 3.000000
4.30399990 18.43519974 6.67180014 3.000000 3.000000
4.30399990 18.26910019 6.51140022 3.000000 3.000000
4.30450010 18.21059990 6.45370007 3.000000 3.000000
4.30590010 17.81539917 6.15129995 3.000000 3.000000
4.31010008 17.30470085 5.74580002 3.000000 3.000000
4.30779982 17.21680069 5.56949997 3.000000 3.000000
4.31379986 17.30489922 5.71250010 3.000000 3.000000
4.30690002 17.46820068 5.79699993 3.000000 3.000000
4.30709982 17.28100014 5.61219978 3.000000 3.000000
4.30210018 17.44210052 5.87039995 3.000000 3.000000
4.34639978 17.28820038 5.74720001 3.000000 3.000000
4.30389977 17.79529953 6.15999985 3.000000 3.000000
4.35659981 17.41519928 5.69089985 3.000000 3.000000
4.30070019 18.34280014 6.50080013 3.000000 3.000000
4.30989981 17.32579994 5.74989986 3.000000 3.000000
4.30760002 17.44790077 5.81519985 3.000000 3.000000
4.32590008 17.28590012 5.74650002 3.000000 3.000000
4.33790016 17.52709961 5.78369999 3.000000 3.000000
4.29440022 18.40200043 6.67210007 3.000000 3.000000
4.32490015 17.35210037 5.80200005 3.000000 3.000000
4.30410004 18.26110077 6.47380018 3.000000 3.000000
4.30259991 18.28370094 6.55870008 3.000000 3.000000
4.30670023 17.32010078 5.68629980 3.000000 3.000000
4.30420017 18.22290039 6.45100021 3.000000 3.000000
4.30049992 18.21500015 6.51240015 3.000000 3.000000
4.32350016 17.45929909 5.72739983 3.000000 3.000000
4.27349997 17.89220047 6.08909988 3.000000 3.000000
4.36520004 17.40110016 5.67889977 3.000000 3.000000
4.30620003 17.87479973 6.14760017 3.000000 3.000000
4.30749989 17.46820068 5.85440016 3.000000 3.000000
4.31069994 17.35029984 5.72279978 3.000000 3.000000
4.30959988 17.39019966 5.81169987 3.000000 3.000000
4.30249977 17.48550034 5.74949980 3.000000 3.000000
4.23999977 18.59000015 6.67229986 3.000000 3.000000
4.30389977 18.21590042 6.49580002 3.000000 3.000000
4.34399986 17.23909950 5.70620012 3.000000 3.000000
4.30179977 18.37199974 6.63439989 3.000000 3.000000
4.30639982 17.82839966 6.13399982 3.000000 3.000000
4.26000023 17.56819916 5.81739998 3.000000 3.000000
4.31689978 17.54010010 5.79489994 3.000000 3.000000
4.30520010 17.33060074 5.64139986 3.000000 3.000000
4.33860016 17.29450035 5.75320005 3.000000 3.000000
4.36070013 17.69059944 6.09119987 3.000000 3.000000
4.26009989 17.52899933 5.78800011 3.000000 3.000000
4.31689978 17.51269913 5.77370024 3.000000 3.000000
4.30369997 18.25270081 6.50010014 3.000000 3.000000
4.30970001 17.34339905 5.77890015 3.000000 3.000000
4.33869982 17.30120087 5.75850010 3.000000 3.000000
4.30380011 18.25259972 6.52769995 3.000000 3.000000
4.30700016 17.46100044 5.85480022 3.000000 3.000000
4.30380011 18.24500084 6.48089981 3.000000 3.000000
4.32679987 17.25429916 5.71880007 3.000000 3.000000
4.30399990 18.34359932 6.53000021 3.000000 3.000000
4.30389977 18.49040031 6.65129995 3.000000 3.000000
4.30740023 17.48170090 5.88609982 3.000000 3.000000
4.30079985 17.52249908 5.78210020 3.000000 3.000000
4.30639982 17.84830093 6.12430000 3.000000 3.000000
4.32159996 17.49390030 5.75710011 3.000000 3.000000
4.30329990 18.40489960 6.59299994 3.000000 3.000000
4.27120018 18.39570045 6.66949987 3.000000 3.000000
4.31349993 17.30509949 5.75509977 3.000000 3.000000
4.24539995 17.88190079 6.08449984 3.000000 3.000000
4.28179979 17.51250076 5.77139997 3.000000 3.000000
4.30700016 17.48810005 5.85260010 3.000000 3.000000
4.30530024 17.75849915 6.14760017 3.000000 3.000000
4.29750013 17.95009995 6.15070009 3.000000 3.000000
4.27099991 17.74119949 6.13259983 3.000000 3.000000
4.28459978 17.74300003 6.13329983 3.000000 3.000000
4.26440001 17.93689919 6.13600016 3.000000 3.000000
4.27850008 17.93759918 6.13660002 3.000000 3.000000
4.29180002 17.72620010 6.12020016 3.000000 3.000000
4.30429983 17.72540092 6.12069988 3.000000 3.000000
4.33020020 17.72769928 6.12200022 3.000000 3.000000
4.34340000 17.72800064 6.12249994 3.000000 3.000000
4.25759983 17.70870018 6.10529995 3.000000 3.000000
4.27019978 17.70829964 6.10580015 3.000000 3.000000
4.28480005 17.70929909 6.10650015 3.000000 3.000000
4.33650017 17.71159935 6.10890007 3.000000 3.000000
4.27960014 17.90620041 6.10970020 3.000000 3.000000
4.29180002 17.90769958 6.11040020 3.000000 3.000000
4.31710005 17.69639969 6.09480000 3.000000 3.000000
4.32959986 17.69519997 6.09520006 3.000000 3.000000
4.27299976 17.89019966 6.09600019 3.000000 3.000000
4.24429989 17.67659950 6.07810020 3.000000 3.000000
4.30999994 17.67930031 6.08109999 3.000000 3.000000
4.32280016 17.67889977 6.08160019 3.000000 3.000000
4.35050011 17.68079948 6.08290005 3.000000 3.000000
4.25190020 17.87260056 6.08160019 3.000000 3.000000
4.26620007 17.87360001 6.08230019 3.000000 3.000000
4.25950003 17.85700035 6.06860018 3.000000 3.000000
4.25769997 17.64410019 6.05219984 3.000000 3.000000
4.27040005 17.64389992 6.05270004 3.000000 3.000000
4.29629993 17.64669991 6.05389977 3.000000 3.000000
4.25290012 17.84099960 6.05490017 3.000000 3.000000
4.25089979 17.62770081 6.03859997 3.000000 3.000000
4.31589985 17.63100052 6.04150009 3.000000 3.000000
4.34270000 17.63109970 6.04260015 3.000000 3.000000
4.26949978 17.82469940 6.04220009 3.000000 3.000000
4.28329992 17.82679939 6.04290009 3.000000 3.000000
4.27099991 17.61319923 6.02640009 3.000000 3.000000
4.29589987 17.61459923 6.02750015 3.000000 3.000000
4.30690002 17.49460030 5.90129995 3.000000 3.000000
4.25129986 17.80920029 6.02820015 3.000000 3.000000
4.26240015 17.80750084 6.02850008 3.000000 3.000000
4.26389980 17.59630013 6.01280022 3.000000 3.000000
4.27549982 17.59690094 6.01340008 3.000000 3.000000
4.28910017 17.59849930 6.01399994 3.000000 3.000000
4.25750017 17.58110046 5.99949980 3.000000 3.000000
4.32289982 17.58410072 6.00229979 3.000000 3.000000
4.35029984 17.58519936 6.00349998 3.000000 3.000000
4.34320021 17.56850052 5.98999977 3.000000 3.000000
4.35710001 17.57049942 5.99069977 3.000000 3.000000
4.29680014 17.55330086 5.97520018 3.000000 3.000000
4.35020018 17.55419922 5.97730017 3.000000 3.000000
4.24900007 17.53339958 5.95989990 3.000000 3.000000
4.31519985 17.53650093 5.96269989 3.000000 3.000000
4.25530005 17.72890091 5.96210003 3.000000 3.000000
4.33669996 17.52249908 5.95069981 3.000000 3.000000
4.28879976 17.71500015 5.95039988 3.000000 3.000000
4.24870014 17.50209999 5.93389988 3.000000 3.000000
4.26189995 17.50250053 5.93440008 3.000000 3.000000
4.27610016 17.50410080 5.93510008 3.000000 3.000000
4.28900003 17.50370026 5.93559980 3.000000 3.000000
4.31659985 17.50569916 5.93680000 3.000000 3.000000
4.25460005 17.69759941 5.93580008 3.000000 3.000000
4.28230000 17.48789978 5.92229986 3.000000 3.000000
4.29530001 17.48959923 5.92290020 3.000000 3.000000
4.26049995 17.68110085 5.92290020 3.000000 3.000000
4.27530003 17.68260002 5.92360020 3.000000 3.000000
4.28830004 17.47299957 5.90959978 3.000000 3.000000
4.25369978 17.66469955 5.90950012 3.000000 3.000000
4.28109980 17.66589928 5.91060019 3.000000 3.000000
4.29449987 17.66570091 5.91109991 3.000000 3.000000
4.33430004 17.45960045 5.89860010 3.000000 3.000000
4.34639978 17.45960045 5.89909983 3.000000 3.000000
4.26200008 17.65049934 5.89690018 3.000000 3.000000
4.27440023 17.64970016 5.89729977 3.000000 3.000000
4.26259995 17.44109917 5.88280010 3.000000 3.000000
4.27479982 17.44109917 5.88320017 3.000000 3.000000
4.30329990 17.44379997 5.88450003 3.000000 3.000000
4.31330013 17.44190025 5.88469982 3.000000 3.000000
4.29339981 17.63590050 5.88509989 3.000000 3.000000
4.28249979 17.42510033 5.87060022 3.000000 3.000000
4.33290005 17.42790031 5.87270021 3.000000 3.000000
4.26109982 17.61770058 5.87069988 3.000000 3.000000
4.24940014 17.40970039 5.85659981 3.000000 3.000000
4.29960012 17.40970039 5.85839987 3.000000 3.000000
4.32600021 17.41169930 5.85949993 3.000000 3.000000
4.33979988 17.41209984 5.86009979 3.000000 3.000000
4.25470018 17.60239983 5.85750008 3.000000 3.000000
4.26910019 17.60479927 5.85820007 3.000000 3.000000
4.28090000 17.60600090 5.85869980 3.000000 3.000000
4.29290009 17.39380074 5.84530020 3.000000 3.000000
4.27360010 17.58849907 5.84530020 3.000000 3.000000
4.28679991 17.58909988 5.84590006 3.000000 3.000000
4.33930016 17.38139915 5.83440018 3.000000 3.000000
4.25589991 17.36240005 5.81839991 3.000000 3.000000
4.29390001 17.36479950 5.81990004 3.000000 3.000000
4.33260012 17.36580086 5.82130003 3.000000 3.000000
4.27339983 17.55730057 5.81949997 3.000000 3.000000
4.28730011 17.34939957 5.80690002 3.000000 3.000000
4.29360008 17.54190063 5.80730009 3.000000 3.000000
4.26660013 17.33219910 5.79330015 3.000000 3.000000
4.28090000 17.33429909 5.79390001 3.000000 3.000000
4.29260015 17.33359909 5.79430008 3.000000 3.000000
4.31920004 17.33460045 5.79530001 3.000000 3.000000
4.33179998 17.33449936 5.79580021 3.000000 3.000000
4.27309990 17.52540016 5.79370022 3.000000 3.000000
4.29839993 17.52230072 5.79440022 3.000000 3.000000
4.27360010 17.31730080 5.78090000 3.000000 3.000000
4.28079987 17.51160049 5.78119993 3.000000 3.000000
4.25339985 17.30109978 5.76749992 3.000000 3.000000
4.27939987 17.30279922 5.76849985 3.000000 3.000000
4.33360004 17.30480003 5.77050018 3.000000 3.000000
4.29799986 17.49220085 5.76879978 3.000000 3.000000
4.27269983 17.28720093 5.75559998 3.000000 3.000000
4.31209993 17.28870010 5.75699997 3.000000 3.000000
4.32709980 17.28989983 5.75759983 3.000000 3.000000
4.33850002 17.28930092 5.75799990 3.000000 3.000000
4.31379986 17.25889969 5.73190022 3.000000 3.000000
4.32520008 17.25860023 5.73220015 3.000000 3.000000
4.34049988 17.26049995 5.73290014 3.000000 3.000000
4.28020000 17.45000076 5.73010015 3.000000 3.000000
4.29390001 17.44840050 5.73050022 3.000000 3.000000
4.30319977 17.44009972 5.73029995 3.000000 3.000000
4.26660013 17.24119949 5.71750021 3.000000 3.000000
4.29209995 17.24230003 5.71850014 3.000000 3.000000
4.30690002 17.24290085 5.71899986 3.000000 3.000000
4.31850004 17.24309921 5.71939993 3.000000 3.000000
4.27360010 17.43440056 5.71719980 3.000000 3.000000
4.27269983 17.22620010 5.70520020 3.000000 3.000000
4.32709980 17.22929955 5.70720005 3.000000 3.000000
4.28140020 17.41889954 5.70469999 3.000000 3.000000
4.33330011 17.21249962 5.69479990 3.000000 3.000000
4.34499979 17.21409988 5.69530010 3.000000 3.000000
4.29180002 17.38759995 5.67969990 3.000000 3.000000
4.26149988 17.37179947 5.66610003 3.000000 3.000000
4.27869987 17.35680008 5.65409994 3.000000 3.000000
4.27199984 17.34119987 5.64130020 3.000000 3.000000
4.25530005 17.32719994 5.62830019 3.000000 3.000000
4.28560019 17.31360054 5.61679983 3.000000 3.000000
4.26660013 17.29700089 5.60360003 3.000000 3.000000
4.27899981 17.29800034 5.60400009 3.000000 3.000000
4.30170012 17.29030037 5.60440016 3.000000 3.000000
4.25309992 17.26539993 5.57819986 3.000000 3.000000
4.26580000 17.26729965 5.57870007 3.000000 3.000000
4.29199982 17.26749992 5.57950020 3.000000 3.000000
4.27290010 17.25239944 5.56650019 3.000000 3.000000
4.28560019 17.25270081 5.56689978 3.000000 3.000000
4.29689980 17.24979973 5.56710005 3.000000 3.000000
4.30289984 17.23010063 5.55459976 3.000000 3.000000
4.33570004 17.47439957 5.74030018 3.000000 3.000000
4.30970001 17.42250061 5.81510019 3.000000 3.000000
4.30389977 18.37269974 6.59840012 3.000000 3.000000
4.30289984 18.42049980 6.60419989 3.000000 3.000000
4.30779982 17.44099998 5.81580019 3.000000 3.000000
4.36749983 17.44479942 5.71549988 3.000000 3.000000
4.35090017 17.27779961 5.73839998 3.000000 3.000000
4.27339983 18.20059967 6.50719976 3.000000 3.000000
4.26189995 17.26740074 5.73699999 3.000000 3.000000
4.31020021 17.43000031 5.81409979 3.000000 3.000000
4.32219982 17.50090027 5.76219988 3.000000 3.000000
4.30369997 18.42079926 6.59530020 3.000000 3.000000
4.30740023 17.37019920 5.71649981 3.000000 3.000000
4.27640009 17.53079987 5.78709984 3.000000 3.000000
4.31510019 17.29509926 5.74860001 3.000000 3.000000
4.34320021 17.46080017 5.72879982 3.000000 3.000000
4.30389977 18.39649963 6.57369995 3.000000 3.000000
4.30000019 17.84189987 6.04689980 3.000000 3.000000
4.30389977 18.41230011 6.58500004 3.000000 3.000000
4.25670004 17.50239944 5.76429987 3.000000 3.000000
4.36339998 17.31739998 5.77239990 3.000000 3.000000
4.30439997 17.78890038 6.15229988 3.000000 3.000000
4.25629997 17.56419945 5.81459999 3.000000 3.000000
4.30740023 17.34550095 5.70149994 3.000000 3.000000
4.35080004 17.48959923 5.92369986 3.000000 3.000000
4.31020021 17.38619995 5.76259995 3.000000 3.000000
4.27309990 17.27420044 5.72919989 3.000000 3.000000
4.28039980 17.87770081 6.07670021 3.000000 3.000000
4.30730009 17.44109917 5.83190012 3.000000 3.000000
4.30369997 18.43540001 6.62510014 3.000000 3.000000
4.30679989 17.48819923 5.87709999 3.000000 3.000000
4.30410004 18.34359932 6.52080011 3.000000 3.000000
4.30639982 17.81529999 6.13479996 3.000000 3.000000
4.30959988 17.33970070 5.76719999 3.000000 3.000000
4.28989983 17.46349907 5.73320007 3.000000 3.000000
4.31040001 17.37540054 5.75719976 3.000000 3.000000
4.30770016 17.29479980 5.66009998 3.000000 3.000000
4.31080008 17.38629913 5.77419996 3.000000 3.000000
4.24779987 17.90889931 6.10890007 3.000000 3.000000
4.30730009 17.34530067 5.68989992 3.000000 3.000000
4.36469984 17.43379974 5.70660019 3.000000 3.000000
4.30760002 17.48150063 5.81260014 3.000000 3.000000
4.30380011 18.45089912 6.60860014 3.000000 3.000000
4.30600023 17.50720024 5.76929998 3.000000 3.000000
4.30420017 18.25300026 6.47289991 3.000000 3.000000
4.34889984 17.92420006 6.11509991 3.000000 3.000000
4.30779982 17.30909920 5.67360020 3.000000 3.000000
4.30310011 17.51490021 5.77559996 3.000000 3.000000
4.30579996 17.44400024 5.73799992 3.000000 3.000000
4.30049992 18.38800049 6.65450001 3.000000 3.000000
4.29320002 17.45050049 5.88219976 3.000000 3.000000
4.30679989 17.33200073 5.68800020 3.000000 3.000000
4.31040001 17.39340019 5.77400017 3.000000 3.000000
4.24310017 18.57439995 6.66219997 3.000000 3.000000
4.31010008 17.33959961 5.74240017 3.000000 3.000000
4.30380011 17.55979919 5.81120014 3.000000 3.000000
4.30760002 17.50130081 5.85190010 3.000000 3.000000
4.30620003 17.39450073 5.75419998 3.000000 3.000000
4.29879999 17.49570084 5.75799990 3.000000 3.000000
4.31059980 17.42989922 5.78929996 3.000000 3.000000
4.30369997 18.28420067 6.53160000 3.000000 3.000000
4.35360003 17.46500015 5.73180008 3.000000 3.000000
4.33169985 17.30050087 5.75839996 3.000000 3.000000
4.30350018 18.34329987 6.56659985 3.000000 3.000000
4.30660009 17.82200050 6.12610006 3.000000 3.000000
4.30770016 17.44790077 5.82340002 3.000000 3.000000
4.30639982 17.39459991 5.74270010 3.000000 3.000000
4.30779982 17.50139999 5.88469982 3.000000 3.000000
4.33400011 17.53079987 5.78679991 3.000000 3.000000
4.30329990 18.24480057 6.48979998 3.000000 3.000000
4.34899998 17.29229927 5.75070000 3.000000 3.000000
4.29120016 17.51700020 5.77540016 3.000000 3.000000
4.37480021 17.44160080 5.71560001 3.000000 3.000000
4.31540012 17.46660042 5.73589993 3.000000 3.000000
4.25519991 17.57859993 5.82719994 3.000000 3.000000
4.36030006 17.46549988 5.73210001 3.000000 3.000000
4.26219988 18.37739944 6.67210007 3.000000 3.000000
4.30299997 18.46649933 6.67560005 3.000000 3.000000
4.26270008 17.59309959 5.83860016 3.000000 3.000000
4.35540009 17.43639946 5.70830011 3.000000 3.000000
4.37120008 17.30480003 5.76090002 3.000000 3.000000
4.35589981 17.22290039 5.69210005 3.000000 3.000000
4.30289984 17.29240036 5.72749996 3.000000 3.000000
4.26690006 17.60330009 5.84700012 3.000000 3.000000
4.30340004 18.44330025 6.64459991 3.000000 3.000000
4.30690002 17.33219910 5.71110010 3.000000 3.000000
4.29930019 17.77689934 6.15059996 3.000000 3.000000
4.30369997 18.27619934 6.52139997 3.000000 3.000000
4.27530003 17.86540031 6.06680012 3.000000 3.000000
4.30439997 18.26939964 6.45669985 3.000000 3.000000
4.30700016 17.38240051 5.75269985 3.000000 3.000000
4.31050014 17.41900063 5.80249977 3.000000 3.000000
4.27689981 17.58690071 5.83290005 3.000000 3.000000
4.30410004 18.32909966 6.52820015 3.000000 3.000000
4.31829977 17.30240059 5.75729990 3.000000 3.000000
4.30760002 17.43370056 5.81629992 3.000000 3.000000
4.33860016 17.44249916 5.71530008 3.000000 3.000000
4.30810022 17.49419975 5.85270023 3.000000 3.000000
4.31040001 17.30459976 5.72739983 3.000000 3.000000
4.31090021 17.40390015 5.77880001 3.000000 3.000000
4.31080008 17.37570000 5.80579996 3.000000 3.000000
4.30670023 17.39459991 5.73129988 3.000000 3.000000
4.32940006 17.90489960 6.09859991 3.000000 3.000000
4.28859997 18.36829948 6.64629984 3.000000 3.000000
4.33939981 17.89100075 6.08750010 3.000000 3.000000
4.30789995 17.46820068 5.86280012 3.000000 3.000000
4.30670023 17.48329926 5.77850008 3.000000 3.000000
4.26879978 17.28569984 5.74130011 3.000000 3.000000
4.30660009 17.46980095 5.77659988 3.000000 3.000000
4.30359983 18.26090050 6.49189997 3.000000 3.000000
4.31020021 17.32579994 5.73759985 3.000000 3.000000
4.30380011 18.12360001 6.42290020 3.000000 3.000000
4.30770016 17.45429993 5.79839993 3.000000 3.000000
4.30980015 17.37540054 5.78210020 3.000000 3.000000
4.26910019 17.48080063 5.74709988 3.000000 3.000000
4.30350018 18.35790062 6.57770014 3.000000 3.000000
4.28700018 17.91740036 6.11070013 3.000000 3.000000
4.33179998 17.26829910 5.73129988 3.000000 3.000000
4.27299976 17.52720070 5.78399992 3.000000 3.000000
4.28359985 17.52389908 5.78130007 3.000000 3.000000
4.31080008 17.36829948 5.76359987 3.000000 3.000000
4.32569981 17.26759911 5.73050022 3.000000 3.000000
4.27470016 17.93959999 6.12839985 3.000000 3.000000
4.30310011 18.21570015 6.50449991 3.000000 3.000000
4.28779984 18.31690025 6.60209990 3.000000 3.000000
4.35249996 17.42539978 5.69950008 3.000000 3.000000
4.30410004 18.34350014 6.55770016 3.000000 3.000000
4.30630016 17.76969910 6.12109995 3.000000 3.000000
4.34880018 17.22879982 5.69729996 3.000000 3.000000
4.33739996 17.24519920 5.71099997 3.000000 3.000000
4.30380011 18.38929939 6.55420017 3.000000 3.000000
4.30359983 18.27639961 6.45720005 3.000000 3.000000
4.33589983 17.50180054 5.76259995 3.000000 3.000000
4.30319977 18.32859993 6.58309984 3.000000 3.000000
4.30970001 17.33629990 5.75519991 3.000000 3.000000
4.30670023 17.77580070 6.07919979 3.000000 3.000000
4.36070013 17.41180038 5.68779993 3.000000 3.000000
4.36439991 17.25230026 5.71770000 3.000000 3.000000
4.37489986 17.42729950 5.70450020 3.000000 3.000000
4.32280016 17.29599953 5.75419998 3.000000 3.000000
4.29659986 17.47629929 5.74319983 3.000000 3.000000
4.28889990 17.51300049 5.77139997 3.000000 3.000000
4.30709982 17.32029915 5.67490005 3.000000 3.000000
4.30700016 17.35639954 5.71439981 3.000000 3.000000
4.32760000 17.44169998 5.71330023 3.000000 3.000000
4.30620003 17.83510017 6.10839987 3.000000 3.000000
4.30649996 17.76969910 6.09609985 3.000000 3.000000
4.30770016 17.43370056 5.80819988 3.000000 3.000000
4.35470009 17.51709938 5.77600002 3.000000 3.000000
4.29790020 18.14599991 6.45730019 3.000000 3.000000
4.31040001 17.42259979 5.80840015 3.000000 3.000000
4.31080008 17.44709969 5.71920013 3.000000 3.000000
4.33939981 17.49160004 5.75419998 3.000000 3.000000
4.25269985 17.56080055 5.81169987 3.000000 3.000000
4.30989981 17.39699936 5.81090021 3.000000 3.000000
4.34299994 17.25270081 5.71759987 3.000000 3.000000
4.24849987 17.47039986 5.73890018 3.000000 3.000000
4.30399990 18.37280083 6.58909988 3.000000 3.000000
4.34670019 18.21190071 6.35500002 3.000000 3.000000
4.33869982 18.21019936 6.35249996 3.000000 3.000000
4.35760021 18.20960045 6.35179996 3.000000 3.000000
4.33160019 18.20019913 6.34530020 3.000000 3.000000
4.31739998 18.19580078 6.34140015 3.000000 3.000000
4.34870005 18.20030022 6.34350014 3.000000 3.000000
4.32870007 18.19330025 6.33839989 3.000000 3.000000
4.31610012 18.18829918 6.33549976 3.000000 3.000000
4.35419989 18.19479942 6.33939981 3.000000 3.000000
4.32100010 18.18330002 6.33090019 3.000000 3.000000
4.30060005 18.17650032 6.32569981 3.000000 3.000000
4.35349989 18.18740082 6.33360004 3.000000 3.000000
4.31220007 18.17359924 6.32289982 3.000000 3.000000
4.29180002 18.16699982 6.31759977 3.000000 3.000000
4.34399986 18.17810059 6.32520008 3.000000 3.000000
4.33729982 18.17589951 6.32340002 3.000000 3.000000
4.32369995 18.17110062 6.32000017 3.000000 3.000000
4.31710005 18.16860008 6.31839991 3.000000 3.000000
4.29689980 18.16180038 6.31320000 3.000000 3.000000
4.36390018 18.17720032 6.32480001 3.000000 3.000000
4.32889986 18.16589928 6.31559992 3.000000 3.000000
4.32229996 18.16349983 6.31400013 3.000000 3.000000
4.35960007 18.16259956 6.31199980 3.000000 3.000000
4.31720018 18.14139938 6.29549980 3.000000 3.000000
4.26109982 18.12319946 6.28119993 3.000000 3.000000
4.24919987 18.10650063 6.26650000 3.000000 3.000000
4.26259995 18.10339928 6.26440001 3.000000 3.000000
4.25409985 18.10140038 6.26200008 3.000000 3.000000
4.30399990 17.99550056 6.32019997 3.000000 3.000000
4.29750013 17.98360062 6.32219982 3.000000 3.000000
4.29349995 17.97929955 6.32229996 3.000000 3.000000
4.28639984 17.97680092 6.32070017 3.000000 3.000000
4.27419996 18.10050011 6.26160002 3.000000 3.000000
4.25909996 18.09630013 6.25759983 3.000000 3.000000
4.28450012 17.96960068 6.31440020 3.000000 3.000000
4.26410007 18.09110069 6.25309992 3.000000 3.000000
4.25839996 18.08860016 6.25190020 3.000000 3.000000
4.30030012 17.97240067 6.31080008 3.000000 3.000000
4.28900003 17.96489906 6.30940008 3.000000 3.000000
4.26270008 17.95649910 6.30289984 3.000000 3.000000
4.26359987 18.08329964 6.24760008 3.000000 3.000000
4.30530024 17.97570038 6.30310011 3.000000 3.000000
4.28819990 17.95719910 6.30369997 3.000000 3.000000
4.29250002 17.95280075 6.29860020 3.000000 3.000000
4.26499987 17.94350052 6.29199982 3.000000 3.000000
4.25159979 17.93880081 6.28879976 3.000000 3.000000
4.30439997 17.95829964 6.29250002 3.000000 3.000000
4.28499985 17.94300079 6.29120016 3.000000 3.000000
4.27750015 17.94099998 6.28919983 3.000000 3.000000
4.25610018 17.93409920 6.28389978 3.000000 3.000000
4.26779985 17.93160057 6.28079987 3.000000 3.000000
4.25500011 17.92650032 6.27810001 3.000000 3.000000
4.30600023 17.95680046 6.27710009 3.000000 3.000000
4.27909994 17.92869949 6.27769995 3.000000 3.000000
4.25990009 17.92119980 6.27349997 3.000000 3.000000
4.29670000 17.92099953 6.27029991 3.000000 3.000000
4.27559996 17.91360092 6.26539993 3.000000 3.000000
4.26189995 17.90900040 6.26219988 3.000000 3.000000
4.24930000 17.90489960 6.25920010 3.000000 3.000000
4.30009985 17.91749954 6.26450014 3.000000 3.000000
4.27430010 17.90609932 6.25939989 3.000000 3.000000
4.25460005 17.89929962 6.25479984 3.000000 3.000000
4.29320002 17.90500069 6.25829983 3.000000 3.000000
4.25950003 17.89419937 6.25019979 3.000000 3.000000
4.29839993 17.89949989 6.25390005 3.000000 3.000000
4.36870003 17.24900055 5.71449995 3.000000 3.000000
4.26940012 17.56489944 5.81570005 3.000000 3.000000
4.30380011 18.24500084 6.46260023 3.000000 3.000000
4.31050014 17.40379906 5.77299976 3.000000 3.000000
4.26989985 17.58659935 5.83279991 3.000000 3.000000
4.30389977 18.38100052 6.61800003 3.000000 3.000000
4.34800005 17.69300079 6.09229994 3.000000 3.000000
4.30779982 17.50720024 5.88430023 3.000000 3.000000
4.30439997 18.28470039 6.45849991 3.000000 3.000000
4.30410004 18.16069984 6.45120001 3.000000 3.000000
4.30649996 17.39430046 5.69649982 3.000000 3.000000
4.37519979 17.43470001 5.70970011 3.000000 3.000000
4.35370016 17.45070076 5.72069979 3.000000 3.000000
4.30670023 17.53619957 5.79160023 3.000000 3.000000
4.25209999 17.53310013 5.78910017 3.000000 3.000000
4.28170013 17.50539970 5.76580000 3.000000 3.000000
4.37109995 17.25959969 5.72329998 3.000000 3.000000
4.30450010 18.17259979 6.39900017 3.000000 3.000000
4.30350018 18.40500069 6.58389997 3.000000 3.000000
4.30270004 18.18549919 6.48239994 3.000000 3.000000
4.30509996 17.48220062 5.90140009 3.000000 3.000000
4.29750013 17.46260071 5.89130020 3.000000 3.000000
4.30749989 17.50139999 5.87639999 3.000000 3.000000
4.31739998 17.45140076 5.72109985 3.000000 3.000000
4.30740023 17.24189949 5.58419991 3.000000 3.000000
4.30569983 17.48940086 5.75260019 3.000000 3.000000
4.30569983 17.82220078 6.15910006 3.000000 3.000000
4.31780005 17.36230087 5.80709982 3.000000 3.000000
4.26230001 17.46809959 5.73699999 3.000000 3.000000
4.30770016 17.20499992 5.55649996 3.000000 3.000000
4.30770016 17.50139999 5.89289999 3.000000 3.000000
4.30649996 17.29380035 5.61380005 3.000000 3.000000
4.36840010 17.29450035 5.75220013 3.000000 3.000000
4.31129980 17.37960052 5.81110001 3.000000 3.000000
4.37220001 17.48699951 5.75070000 3.000000 3.000000
4.31029987 17.36120033 5.75250006 3.000000 3.000000
4.30299997 18.40449905 6.65789986 3.000000 3.000000
4.30329990 18.40460014 6.64879990 3.000000 3.000000
4.30770016 17.44099998 5.78319979 3.000000 3.000000
4.30450010 17.80850029 6.07600021 3.000000 3.000000
4.26280022 17.56450081 5.81519985 3.000000 3.000000
4.30639982 17.84830093 6.11600018 3.000000 3.000000
4.30719995 17.49440002 5.87680006 3.000000 3.000000
4.31290007 17.94199944 6.13019991 3.000000 3.000000
4.30520010 17.28050041 5.71490002 3.000000 3.000000
4.37489986 17.49049950 5.75419998 3.000000 3.000000
4.32240009 17.27070045 5.73280001 3.000000 3.000000
4.33879995 17.25569916 5.72079992 3.000000 3.000000
4.25559998 17.57159996 5.82100010 3.000000 3.000000
4.32340002 17.54039955 5.79540014 3.000000 3.000000
4.29370022 17.56979942 5.81930017 3.000000 3.000000
4.27479982 17.50499916 5.76550007 3.000000 3.000000
4.29969978 18.16209984 6.46910000 3.000000 3.000000
4.31080008 17.41550064 5.80859995 3.000000 3.000000
4.33589983 17.49489975 5.75699997 3.000000 3.000000
4.30499983 17.50749969 5.82579994 3.000000 3.000000
4.30980015 17.31889915 5.75680017 3.000000 3.000000
4.30410004 18.20859909 6.45830011 3.000000 3.000000
4.30350018 18.48209953 6.63129997 3.000000 3.000000
4.30299997 18.39599991 6.63810015 3.000000 3.000000
4.34060001 17.44969940 5.71980000 3.000000 3.000000
4.33300018 17.46349907 5.73129988 3.000000 3.000000
4.30670023 17.78849983 6.12830019 3.000000 3.000000
4.34270000 17.42830086 5.70160007 3.000000 3.000000
4.30399990 18.51329994 6.66379976 3.000000 3.000000
4.34390020 17.90320015 6.09730005 3.000000 3.000000
4.30480003 17.26499939 5.58659983 3.000000 3.000000
4.36180019 17.40410042 5.68149996 3.000000 3.000000
4.26450014 17.33069992 5.78109980 3.000000 3.000000
4.31419992 17.29179955 5.74359989 3.000000 3.000000
4.34499979 17.25639915 5.72149992 3.000000 3.000000
4.29069996 17.56599998 5.81589985 3.000000 3.000000
4.29069996 17.43449974 5.72149992 3.000000 3.000000
4.25250006 17.49040031 5.75519991 3.000000 3.000000
4.33199978 17.50480080 5.76569986 3.000000 3.000000
4.24809980 17.82239914 6.03170013 3.000000 3.000000
4.30749989 17.50130081 5.84369993 3.000000 3.000000
4.31939983 17.49029922 5.75309992 3.000000 3.000000
4.30800009 17.43359947 5.77580023 3.000000 3.000000
4.30219984 18.17090034 6.47130013 3.000000 3.000000
4.30359983 18.27630043 6.47539997 3.000000 3.000000
4.30630016 17.78210068 6.07859993 3.000000 3.000000
4.31050014 17.36809921 5.73350000 3.000000 3.000000
4.31029987 17.36479950 5.79489994 3.000000 3.000000
4.30910015 17.31150055 5.74590015 3.000000 3.000000
4.30380011 18.24480057 6.50839996 3.000000 3.000000
4.30459976 18.23399925 6.44169998 3.000000 3.000000
4.30070019 17.23760033 5.55919981 3.000000 3.000000
4.34240007 17.22800064 5.69670010 3.000000 3.000000
4.36840010 17.30100060 5.75759983 3.000000 3.000000
4.37419987 18.15349960 6.47419977 3.000000 3.000000
4.37389994 18.14590073 6.45790005 3.000000 3.000000
4.37370014 18.13829994 6.43429995 3.000000 3.000000
4.37389994 18.14069939 6.41790009 3.000000 3.000000
4.37400007 18.14019966 6.40360022 3.000000 3.000000
4.37419987 18.14279938 6.39440012 3.000000 3.000000
4.36859989 18.20470047 6.34810019 3.000000 3.000000
4.37309980 18.19490051 6.34089994 3.000000 3.000000
4.36800003 18.19109917 6.33669996 3.000000 3.000000
4.36780024 18.18659973 6.33279991 3.000000 3.000000
4.37500000 18.15239906 6.35090017 3.000000 3.000000
4.37230015 18.17720032 6.32530022 3.000000 3.000000
4.37510014 18.15200043 6.33669996 3.000000 3.000000
4.36250019 18.17460060 6.32040024 3.000000 3.000000
4.36700010 18.16839981 6.31759977 3.000000 3.000000
4.37510014 18.14979935 6.32390022 3.000000 3.000000
4.36679983 18.16379929 6.31379986 3.000000 3.000000
4.37510014 18.14909935 6.31720018 3.000000 3.000000
4.37150002 18.15889931 6.31010008 3.000000 3.000000
4.36609983 18.14999962 6.30249977 3.000000 3.000000
4.37029982 18.13190079 6.28690004 3.000000 3.000000
4.36530018 18.13159943 6.28730011 3.000000 3.000000
4.37010002 18.12719917 6.28319979 3.000000 3.000000
4.36980009 18.12220001 6.27969980 3.000000 3.000000
4.36469984 18.11790085 6.27580023 3.000000 3.000000
4.36450005 18.11330032 6.27199984 3.000000 3.000000
4.36429977 18.10890007 6.26800013 3.000000 3.000000
4.36910009 18.10409927 6.26429987 3.000000 3.000000
4.36889982 18.09959984 6.26039982 3.000000 3.000000
4.36859989 18.09469986 6.25680017 3.000000 3.000000
4.36320019 18.08559990 6.24919987 3.000000 3.000000
4.36280012 18.07629967 6.24160004 3.000000 3.000000
4.35769987 18.07080078 6.23859978 3.000000 3.000000
4.36719990 18.06220055 6.23019981 3.000000 3.000000
4.36180019 18.05330086 6.22240019 3.000000 3.000000
4.37550020 18.04540062 6.22049999 3.000000 3.000000
4.36639977 18.04389954 6.21470022 3.000000 3.000000
4.36579990 18.02989960 6.20330000 3.000000 3.000000
4.36009979 18.01609993 6.19189978 3.000000 3.000000
4.36479998 18.00720024 6.18380022 3.000000 3.000000
4.36429977 17.99749947 6.17630005 3.000000 3.000000
4.36819983 17.98830032 6.16839981 3.000000 3.000000
4.36800003 17.98380089 6.16450024 3.000000 3.000000
4.36780024 17.97940063 6.16050005 3.000000 3.000000
4.32229996 17.47340012 5.73960018 3.000000 3.000000
4.36310005 17.96960068 6.15320015 3.000000 3.000000
4.30770016 17.20490074 5.54510021 3.000000 3.000000
4.36660004 17.95120049 6.13740015 3.000000 3.000000
4.30819988 17.25460052 5.58599997 3.000000 3.000000
4.30770016 17.48800087 5.82849979 3.000000 3.000000
4.30389977 18.47470093 6.63980007 3.000000 3.000000
4.29720020 18.48870087 6.61990023 3.000000 3.000000
4.28649998 17.54190063 5.79629993 3.000000 3.000000
4.37290001 17.46640015 5.73339987 3.000000 3.000000
4.30280018 18.42049980 6.61339998 3.000000 3.000000
4.30980015 17.47929955 5.74370003 3.000000 3.000000
4.30690002 17.34530067 5.72440004 3.000000 3.000000
4.31549978 17.96139908 6.14699984 3.000000 3.000000
4.30649996 17.88139915 6.14729977 3.000000 3.000000
4.30740023 17.29450035 5.63700008 3.000000 3.000000
4.30359983 18.38890076 6.63749981 3.000000 3.000000
4.30380011 18.23769951 6.49840021 3.000000 3.000000
4.24679995 17.91440010 6.10809994 3.000000 3.000000
4.30609989 17.81539917 6.15969992 3.000000 3.000000
4.35090017 17.43969917 5.71180010 3.000000 3.000000
4.27950001 17.54159927 5.79610014 3.000000 3.000000
4.28919983 18.22629929 6.52689981 3.000000 3.000000
4.31029987 17.35740089 5.74069977 3.000000 3.000000
4.30380011 18.36610031 6.56969976 3.000000 3.000000
4.30410004 18.45089912 6.61810017 3.000000 3.000000
4.28989983 17.27029991 5.58379984 3.000000 3.000000
4.31669998 17.54719925 5.80079985 3.000000 3.000000
4.30749989 17.46820068 5.87080002 3.000000 3.000000
4.30340004 18.28400040 6.54059982 3.000000 3.000000
4.30719995 17.51440048 5.83440018 3.000000 3.000000
4.32929993 17.48069954 5.74529982 3.000000 3.000000
4.30429983 18.21050072 6.42719984 3.000000 3.000000
4.30399990 18.18589973 6.46470022 3.000000 3.000000
4.30770016 17.47459984 5.82130003 3.000000 3.000000
4.28669977 17.56250000 5.81339979 3.000000 3.000000
4.36639977 17.41950035 5.69430017 3.000000 3.000000
4.34719992 17.45019913 5.72020006 3.000000 3.000000
4.30359983 18.33530045 6.57490015 3.000000 3.000000
4.30329990 18.44330025 6.63530016 3.000000 3.000000
4.30760002 17.48159981 5.83710003 3.000000 3.000000
4.26620007 17.52680016 5.78359985 3.000000 3.000000
4.37090015 17.44869995 5.71840000 3.000000 3.000000
4.30389977 18.52160072 6.66489983 3.000000 3.000000
4.37489986 17.29850006 5.75839996 3.000000 3.000000
4.30819988 17.44770050 5.79110003 3.000000 3.000000
4.31570005 17.35820007 5.80310011 3.000000 3.000000
4.31489992 17.30870056 5.75960016 3.000000 3.000000
4.25790024 17.92079926 6.11310005 3.000000 3.000000
4.30319977 18.44350052 6.59810019 3.000000 3.000000
4.30380011 18.32909966 6.51889992 3.000000 3.000000
4.30700016 17.81520081 6.11840010 3.000000 3.000000
4.30679989 17.80820084 6.08540010 3.000000 3.000000
4.31389999 17.34390068 5.78760004 3.000000 3.000000
4.27449989 17.51210022 5.77139997 3.000000 3.000000
4.34919977 17.32999992 5.78329992 3.000000 3.000000
4.35239983 17.66900063 6.07289982 3.000000 3.000000
4.30259991 18.38109970 6.53410006 3.000000 3.000000
4.30959988 17.45829964 5.72720003 3.000000 3.000000
4.33879995 17.53800011 5.79449987 3.000000 3.000000
4.29979992 18.33419991 6.61000013 3.000000 3.000000
4.32159996 17.71680069 6.11269999 3.000000 3.000000
4.30410004 18.36630058 6.54209995 3.000000 3.000000
4.30740023 17.28179932 5.70419979 3.000000 3.000000
4.30509996 17.95599937 6.14230013 3.000000 3.000000
4.30439997 17.33099937 5.75629997 3.000000 3.000000
4.28770018 17.52459908 5.78429985 3.000000 3.000000
4.33129978 17.52669907 5.78329992 3.000000 3.000000
4.34590006 17.93169975 6.12160015 3.000000 3.000000
4.30319977 18.38870049 6.64659977 3.000000 3.000000
4.31020021 17.42620087 5.79600000 3.000000 3.000000
4.26370001 17.55769920 5.80859995 3.000000 3.000000
4.31559992 17.25629997 5.71589994 3.000000 3.000000
4.27769995 17.93230057 6.12200022 3.000000 3.000000
4.33979988 17.46400070 5.73150015 3.000000 3.000000
4.26090002 17.51119995 5.77069998 3.000000 3.000000
4.35109997 17.23290062 5.70090008 3.000000 3.000000
4.27159977 17.87319946 6.07280016 3.000000 3.000000
4.28009987 17.52759933 5.78410006 3.000000 3.000000
4.30319977 18.27610016 6.51189995 3.000000 3.000000
4.25050020 18.39130020 6.67530012 3.000000 3.000000
4.29680014 17.52969933 5.78789997 3.000000 3.000000
4.31080008 17.35729980 5.72209978 3.000000 3.000000
4.31890011 17.50510025 5.76690006 3.000000 3.000000
4.32700014 17.53039932 5.78679991 3.000000 3.000000
4.31080008 17.38269997 5.74410009 3.000000 3.000000
4.30179977 17.47579956 5.90040016 3.000000 3.000000
4.30420017 17.83530045 6.09910011 3.000000 3.000000
4.30719995 17.33200073 5.65360022 3.000000 3.000000
4.31850004 17.83340073 6.03959990 3.000000 3.000000
4.30789995 17.85540009 6.22860003 3.000000 3.000000
4.30779982 17.48159981 5.86990023 3.000000 3.000000
4.30369997 18.28440094 6.48570013 3.000000 3.000000
4.30369997 18.32900047 6.53719997 3.000000 3.000000
4.31059980 17.41530037 5.77820015 3.000000 3.000000
4.24380016 18.56690025 6.65210009 3.000000 3.000000
4.30810022 17.51420021 5.84299994 3.000000 3.000000
4.34889984 17.42160034 5.69680023 3.000000 3.000000
4.35960007 17.49300003 5.75509977 3.000000 3.000000
4.32149982 17.47909927 5.74569988 3.000000 3.000000
4.36210012 17.24819946 5.71409988 3.000000 3.000000
4.29650021 17.53890038 5.79400015 3.000000 3.000000
4.32000017 17.54380035 5.79809999 3.000000 3.000000
4.29230022 17.28499985 5.59779978 3.000000 3.000000
4.30749989 17.38249969 5.72970009 3.000000 3.000000
4.24959993 17.86190033 6.06300020 3.000000 3.000000
4.30789995 17.21710014 5.60379982 3.000000 3.000000
4.30959988 17.37210083 5.79479980 3.000000 3.000000
4.34280014 17.60079956 6.01669979 3.000000 3.000000
4.30980015 17.39690018 5.80480003 3.000000 3.000000
4.29400015 17.77140045 6.14839983 3.000000 3.000000
4.32849979 17.27140045 5.73379993 3.000000 3.000000
4.30700016 17.48819923 5.86899996 3.000000 3.000000
4.30660009 17.26670074 5.65600014 3.000000 3.000000
4.34509993 17.43219948 5.70520020 3.000000 3.000000
4.30380011 18.42810059 6.61490011 3.000000 3.000000
4.30730009 17.29470062 5.67150021 3.000000 3.000000
4.31780005 17.32309914 5.77400017 3.000000 3.000000
4.28359985 17.57299995 5.82170010 3.000000 3.000000
4.34159994 17.52350044 5.78070021 3.000000 3.000000
4.30760002 17.22780037 5.58230019 3.000000 3.000000
4.34350014 17.28409958 5.74399996 3.000000 3.000000
4.34969997 17.46829987 5.73490000 3.000000 3.000000
4.31020021 17.38629913 5.79309988 3.000000 3.000000
4.30740023 17.50720024 5.85139990 3.000000 3.000000
4.37410021 17.40519905 5.68300009 3.000000 3.000000
4.30970001 17.35420036 5.77799988 3.000000 3.000000
4.32819986 17.29660034 5.75570011 3.000000 3.000000
4.31650019 17.29879951 5.75320005 3.000000 3.000000
4.30700016 17.30839920 5.63880014 3.000000 3.000000
4.30649996 17.92900085 6.11950016 3.000000 3.000000
4.28550005 17.79739952 6.00979996 3.000000 3.000000
4.30550003 17.49480057 5.90880013 3.000000 3.000000
4.30760002 17.48150063 5.82079983 3.000000 3.000000
4.30179977 17.90800095 6.10179996 3.000000 3.000000
4.30579996 17.82220078 6.15080023 3.000000 3.000000
4.37279987 17.23889923 5.70620012 3.000000 3.000000
4.32390022 17.33440018 5.78609991 3.000000 3.000000
4.30709982 17.26709938 5.67910004 3.000000 3.000000
4.35650015 17.83489990 6.04080009 3.000000 3.000000
4.30329990 18.45870018 6.62809992 3.000000 3.000000
4.30019999 17.45260048 5.73789978 3.000000 3.000000
4.33279991 17.24850082 5.71449995 3.000000 3.000000
4.30420017 18.22150040 6.41450024 3.000000 3.000000
4.30319977 18.42029953 6.66940022 3.000000 3.000000
4.30719995 17.20529938 5.64779997 3.000000 3.000000
4.30380011 18.38109970 6.59019995 3.000000 3.000000
4.34369993 17.24600029 5.71169996 3.000000 3.000000
4.32299995 17.54750061 5.80149984 3.000000 3.000000
4.29580021 17.84950066 6.05270004 3.000000 3.000000
4.30649996 17.80830002 6.09359980 3.000000 3.000000
4.30660009 17.78199959 6.06209993 3.000000 3.000000
4.28310013 17.55229950 5.80469990 3.000000 3.000000
4.30380011 18.20089912 6.48470020 3.000000 3.000000
4.30350018 18.31349945 6.55359983 3.000000 3.000000
4.28630018 18.35300064 6.63390017 3.000000 3.000000
