4.29979992 19.92189980 6.11859989 3.000000 3.000000
4.25070000 20.01959991 6.10860014 3.000000 3.000000
4.30380011 19.00429916 5.38110018 3.000000 3.000000
4.30600023 20.59390068 6.64270020 3.000000 3.000000
4.24539995 19.15780067 5.41249990 3.000000 3.000000
4.30149984 19.78039932 6.03789997 3.000000 3.000000
4.30499983 19.44709969 5.73330021 3.000000 3.000000
4.31529999 19.46699905 5.82350016 3.000000 3.000000
4.26370001 18.97800064 5.42710018 3.000000 3.000000
4.29729986 20.32670021 6.47559977 3.000000 3.000000
4.29850006 20.30200005 6.46299982 3.000000 3.000000
4.30560017 19.53059959 5.81099987 3.000000 3.000000
4.29769993 20.42799950 6.55560017 3.000000 3.000000
4.34009981 20.64520073 6.62309980 3.000000 3.000000
4.29839993 18.86610031 5.33269978 3.000000 3.000000
4.31120014 19.55260086 5.88819981 3.000000 3.000000
4.29180002 18.87910080 5.34549999 3.000000 3.000000
4.30389977 19.07830048 5.40479994 3.000000 3.000000
4.33739996 20.62280083 6.60379982 3.000000 3.000000
4.29960012 19.88640022 6.08349991 3.000000 3.000000
4.29750013 20.41710091 6.56129980 3.000000 3.000000
4.30639982 19.57830048 5.80509996 3.000000 3.000000
4.30019999 19.74480057 6.00689983 3.000000 3.000000
4.30590010 19.46209908 5.71820021 3.000000 3.000000
4.30049992 19.79210091 6.00460005 3.000000 3.000000
4.32900000 20.60869980 6.58780003 3.000000 3.000000
4.30350018 19.15959930 5.49919987 3.000000 3.000000
4.28739977 20.63920021 6.61089993 3.000000 3.000000
4.30019999 19.92919922 6.14419985 3.000000 3.000000
4.30270004 18.93320084 5.29530001 3.000000 3.000000
4.30459976 19.54360008 5.85290003 3.000000 3.000000
4.29920006 19.94269943 6.15290022 3.000000 3.000000
4.29829979 20.39459991 6.55089998 3.000000 3.000000
4.29790020 20.44420052 6.52530003 3.000000 3.000000
4.30410004 19.00440025 5.42810011 3.000000 3.000000
4.30560017 19.56240082 5.81360006 3.000000 3.000000
4.29710007 19.12730026 5.54360008 3.000000 3.000000
4.26800013 19.58480072 5.75479984 3.000000 3.000000
4.29290009 20.41130066 6.58269978 3.000000 3.000000
4.30499983 19.51070023 5.83710003 3.000000 3.000000
4.30259991 18.83729935 5.28900003 3.000000 3.000000
4.30760002 19.43860054 5.79069996 3.000000 3.000000
4.26900005 20.47620010 6.64249992 3.000000 3.000000
4.30310011 19.25919914 5.63469982 3.000000 3.000000
4.25790024 20.40449905 6.41960001 3.000000 3.000000
4.31459999 19.48620033 5.67560005 3.000000 3.000000
4.29839993 19.58889961 5.75829983 3.000000 3.000000
4.28070021 18.95789909 5.41069984 3.000000 3.000000
4.30019999 19.80879974 6.01989985 3.000000 3.000000
4.30579996 19.45039940 5.70310020 3.000000 3.000000
4.25509977 20.28590012 6.48629999 3.000000 3.000000
4.29729986 20.49469948 6.61159992 3.000000 3.000000
4.30329990 19.03809929 5.41219997 3.000000 3.000000
4.30319977 19.27230072 5.63490009 3.000000 3.000000
4.29769993 20.48970032 6.59779978 3.000000 3.000000
4.30280018 19.25909996 5.57889986 3.000000 3.000000
4.24300003 19.96459961 6.06869984 3.000000 3.000000
4.31339979 19.55579948 5.89370012 3.000000 3.000000
4.32800007 19.46949959 5.66130018 3.000000 3.000000
4.30530024 19.44689941 5.72079992 3.000000 3.000000
4.29829979 20.31839943 6.49009991 3.000000 3.000000
4.30329990 19.27840042 5.55569983 3.000000 3.000000
4.28259993 19.19120026 5.60120010 3.000000 3.000000
4.29729986 20.45439911 6.59840012 3.000000 3.000000
4.29370022 20.45100021 6.61439991 3.000000 3.000000
4.30000019 19.89349937 6.09229994 3.000000 3.000000
4.25530005 20.13450050 6.20149994 3.000000 3.000000
4.30399990 18.96509933 5.38119984 3.000000 3.000000
4.25740004 19.17709923 5.42539978 3.000000 3.000000
4.29750013 20.44370079 6.56809998 3.000000 3.000000
4.29720020 20.53059959 6.64120007 3.000000 3.000000
4.30350018 19.14060020 5.50689983 3.000000 3.000000
4.30389977 18.93939972 5.35010004 3.000000 3.000000
4.27029991 18.91329956 5.37550020 3.000000 3.000000
4.28079987 19.84560013 6.13049984 3.000000 3.000000
4.30380011 19.21010017 5.45260000 3.000000 3.000000
4.29580021 20.26560020 6.46080017 3.000000 3.000000
4.31260014 19.47900009 5.66909981 3.000000 3.000000
4.28149986 20.39679909 6.57830000 3.000000 3.000000
4.29820013 20.54870033 6.61639977 3.000000 3.000000
4.30000019 19.92189980 6.10209990 3.000000 3.000000
4.30579996 19.49340057 5.78809977 3.000000 3.000000
4.28950024 18.90649986 5.36770010 3.000000 3.000000
4.29829979 20.56620026 6.63789988 3.000000 3.000000
4.30299997 19.00440025 5.43550014 3.000000 3.000000
4.30359983 18.99130058 5.32660007 3.000000 3.000000
4.30660009 19.53879929 5.86880016 3.000000 3.000000
4.30609989 19.52630043 5.77209997 3.000000 3.000000
4.26900005 20.34169960 6.53299999 3.000000 3.000000
4.33710003 19.58209991 5.75229979 3.000000 3.000000
4.30579996 19.60359955 5.91979980 3.000000 3.000000
4.30550003 19.52669907 5.80369997 3.000000 3.000000
4.29930019 19.95689964 6.10360003 3.000000 3.000000
4.30340004 19.03809929 5.40439987 3.000000 3.000000
4.30600023 19.47400093 5.77040005 3.000000 3.000000
4.30630016 19.56250000 5.88850021 3.000000 3.000000
4.30509996 19.57110023 5.87290001 3.000000 3.000000
4.26580000 20.21870041 6.43240023 3.000000 3.000000
4.30009985 19.87319946 6.06650019 3.000000 3.000000
4.29990005 20.04610062 6.18429995 3.000000 3.000000
4.27950001 20.28440094 6.48659992 3.000000 3.000000
4.29990005 19.77770042 5.97279978 3.000000 3.000000
4.34980011 19.56189919 5.89909983 3.000000 3.000000
4.30530024 19.51029968 5.78070021 3.000000 3.000000
4.24420023 20.65909958 6.62939978 3.000000 3.000000
4.29790020 20.50119972 6.62919998 3.000000 3.000000
4.29780006 20.53689957 6.60659981 3.000000 3.000000
4.36689997 19.53849983 5.71789980 3.000000 3.000000
4.29580021 20.40309906 6.57070017 3.000000 3.000000
4.23600006 20.43959999 6.61380005 3.000000 3.000000
4.25880003 20.43989944 6.44810009 3.000000 3.000000
4.36420012 19.48049927 5.83319998 3.000000 3.000000
4.27979994 19.52370071 5.70499992 3.000000 3.000000
4.24370003 20.42860031 6.60330009 3.000000 3.000000
4.30070019 20.61120033 6.58820009 3.000000 3.000000
4.30359983 19.17880058 5.56250000 3.000000 3.000000
4.29260015 20.43729973 6.60349989 3.000000 3.000000
4.32630014 19.48189926 5.67189980 3.000000 3.000000
4.34320021 19.45989990 5.65369987 3.000000 3.000000
4.27279997 19.47789955 5.66769981 3.000000 3.000000
4.30270004 19.23810005 5.52330017 3.000000 3.000000
4.30579996 19.50189972 5.79050016 3.000000 3.000000
4.26569986 19.08399963 5.51429987 3.000000 3.000000
4.29029989 19.19739914 5.60449982 3.000000 3.000000
4.29869986 20.09239960 6.25390005 3.000000 3.000000
4.28480005 20.67210007 6.64150000 3.000000 3.000000
4.28079987 18.93939972 5.39519978 3.000000 3.000000
4.30579996 19.47419930 5.78299999 3.000000 3.000000
4.29839993 18.83589935 5.30450010 3.000000 3.000000
4.30350018 19.10510063 5.42040014 3.000000 3.000000
4.30270004 19.11240005 5.48280001 3.000000 3.000000
4.29809999 20.37249947 6.47580004 3.000000 3.000000
4.31610012 19.24550056 5.48169994 3.000000 3.000000
4.29780006 20.33390045 6.50930023 3.000000 3.000000
4.29909992 20.10600090 6.26340008 3.000000 3.000000
4.34509993 19.51589966 5.86420012 3.000000 3.000000
4.24300003 20.43650055 6.60830021 3.000000 3.000000
4.30319977 18.94569969 5.36530018 3.000000 3.000000
4.26070023 18.87290001 5.34070015 3.000000 3.000000
4.27540016 19.49650002 5.68279982 3.000000 3.000000
4.30359983 19.34480095 5.62029982 3.000000 3.000000
4.29780006 20.45520020 6.51970005 3.000000 3.000000
4.29939985 19.21019936 5.60860014 3.000000 3.000000
4.29979992 19.99839973 6.15630007 3.000000 3.000000
4.30289984 19.20479965 5.59420013 3.000000 3.000000
4.29780006 20.55949974 6.62480021 3.000000 3.000000
4.24259996 20.13269997 6.20349979 3.000000 3.000000
4.29449987 19.04430008 5.47910023 3.000000 3.000000
4.30350018 19.15970039 5.55439997 3.000000 3.000000
4.25059986 19.05750084 5.49209976 3.000000 3.000000
4.23549986 20.66620064 6.63240004 3.000000 3.000000
4.30200005 18.86610031 5.32630014 3.000000 3.000000
4.30289984 19.27860069 5.64279985 3.000000 3.000000
4.29930019 20.03289986 6.24200010 3.000000 3.000000
4.30340004 19.01140022 5.43569994 3.000000 3.000000
4.30520010 19.52700043 5.84770012 3.000000 3.000000
4.35620022 19.56629944 5.73969984 3.000000 3.000000
4.30340004 19.07200050 5.40450001 3.000000 3.000000
4.30310011 19.17860031 5.47559977 3.000000 3.000000
4.26450014 20.21249962 6.42659998 3.000000 3.000000
4.30159998 19.84560013 6.01700020 3.000000 3.000000
4.29790020 20.45529938 6.52699995 3.000000 3.000000
4.30760002 19.46590042 5.81040001 3.000000 3.000000
4.30770016 19.45369911 5.80079985 3.000000 3.000000
4.28380013 19.51790047 5.70050001 3.000000 3.000000
4.33290005 20.51720047 6.51090002 3.000000 3.000000
4.28380013 19.17230034 5.58570004 3.000000 3.000000
4.29869986 20.28549957 6.46430016 3.000000 3.000000
4.30420017 18.85260010 5.29629993 3.000000 3.000000
4.27349997 18.81180000 5.29220009 3.000000 3.000000
4.36719990 19.48749924 5.83909988 3.000000 3.000000
4.29790020 20.46129990 6.53170013 3.000000 3.000000
4.36199999 19.51280022 5.69610023 3.000000 3.000000
4.29750013 20.48950005 6.58300018 3.000000 3.000000
4.30389977 19.04430008 5.36569977 3.000000 3.000000
4.29829979 20.38870049 6.54610014 3.000000 3.000000
4.27479982 20.47599983 6.64169979 3.000000 3.000000
4.24280024 20.29290009 6.49119997 3.000000 3.000000
4.29799986 20.32929993 6.49139977 3.000000 3.000000
4.31979990 19.58130074 5.91529989 3.000000 3.000000
4.29790020 20.38310051 6.51980019 3.000000 3.000000
4.29949999 20.02610016 6.25860023 3.000000 3.000000
4.29979992 19.93600082 6.13609982 3.000000 3.000000
4.28039980 20.40110016 6.58109999 3.000000 3.000000
4.30410004 18.98489952 5.32679987 3.000000 3.000000
4.28779984 20.62669945 6.60680008 3.000000 3.000000
4.25909996 19.13920021 5.39459991 3.000000 3.000000
4.29979992 19.97850037 6.15509987 3.000000 3.000000
4.28140020 20.46240044 6.63159990 3.000000 3.000000
4.30030012 20.05299950 6.25220013 3.000000 3.000000
4.29860020 20.35700035 6.47100019 3.000000 3.000000
4.29780006 19.97139931 6.11199999 3.000000 3.000000
4.30509996 19.57110023 5.88549995 3.000000 3.000000
4.30369997 18.86599922 5.28049994 3.000000 3.000000
4.30389977 19.14749908 5.46000004 3.000000 3.000000
4.30299997 19.14049911 5.48309994 3.000000 3.000000
4.23859978 20.45509911 6.62919998 3.000000 3.000000
4.30270004 19.13400078 5.49079990 3.000000 3.000000
4.24179983 19.92210007 6.03280020 3.000000 3.000000
4.28079987 18.85280037 5.32569981 3.000000 3.000000
4.30590010 19.55820084 5.79969978 3.000000 3.000000
4.30539989 19.55080032 5.81059980 3.000000 3.000000
4.30590010 19.46220016 5.75500011 3.000000 3.000000
4.30590010 19.54640007 5.81510019 3.000000 3.000000
4.29879999 20.11280060 6.28070021 3.000000 3.000000
4.30319977 19.11980057 5.48299980 3.000000 3.000000
4.24300003 20.40159988 6.57969999 3.000000 3.000000
4.29769993 20.44400024 6.53230000 3.000000 3.000000
4.30289984 19.27849960 5.61100006 3.000000 3.000000
4.29850006 20.33950043 6.49989986 3.000000 3.000000
4.29939985 19.24489975 5.52199984 3.000000 3.000000
4.23309994 20.66970062 6.63880014 3.000000 3.000000
4.37200022 19.49329948 5.68340015 3.000000 3.000000
4.30389977 19.09180069 5.45179987 3.000000 3.000000
4.30830002 19.51790047 5.85540009 3.000000 3.000000
4.30019999 19.84760094 6.02390003 3.000000 3.000000
4.30499983 19.60370064 5.87610006 3.000000 3.000000
4.28130007 19.13979912 5.39589977 3.000000 3.000000
4.30520010 19.47060013 5.79489994 3.000000 3.000000
4.32719994 19.43549919 5.79969978 3.000000 3.000000
4.31969976 19.49209976 5.67950010 3.000000 3.000000
4.30499983 19.60799980 5.88999987 3.000000 3.000000
4.30649996 19.46559906 5.65799999 3.000000 3.000000
4.29869986 20.38940048 6.46820021 3.000000 3.000000
4.26609993 19.06489944 5.49870014 3.000000 3.000000
4.28329992 20.43560028 6.60750008 3.000000 3.000000
4.29759979 20.42799950 6.51230001 3.000000 3.000000
4.29470015 18.97820091 5.42430019 3.000000 3.000000
4.36609983 19.57480049 5.74709988 3.000000 3.000000
4.25610018 20.38069916 6.39979982 3.000000 3.000000
4.29979992 20.05290031 6.21820021 3.000000 3.000000
4.30310011 19.22500038 5.58659983 3.000000 3.000000
4.30009985 19.92919922 6.17770004 3.000000 3.000000
4.23999977 20.46220016 6.63929987 3.000000 3.000000
4.29960012 19.84180069 6.07299995 3.000000 3.000000
4.29230022 19.55120087 5.72770023 3.000000 3.000000
4.29199982 19.56329918 5.73740005 3.000000 3.000000
4.29729986 20.43779945 6.59229994 3.000000 3.000000
4.29230022 20.42110062 6.59019995 3.000000 3.000000
4.35650015 19.43260002 5.79489994 3.000000 3.000000
4.29909992 20.02589989 6.17430019 3.000000 3.000000
4.30340004 19.11249924 5.51459980 3.000000 3.000000
4.24079990 20.16349983 6.38600016 3.000000 3.000000
4.29720020 20.48279953 6.59200001 3.000000 3.000000
4.28579998 19.50460052 5.68940020 3.000000 3.000000
4.29890013 20.10589981 6.27169991 3.000000 3.000000
4.29629993 19.19739914 5.48080015 3.000000 3.000000
4.34429979 19.15469933 5.39820004 3.000000 3.000000
4.29090023 19.93479919 6.04040003 3.000000 3.000000
4.26760006 19.15259933 5.40600014 3.000000 3.000000
4.24420023 20.64719963 6.61969995 3.000000 3.000000
4.30690002 19.52639961 5.85879993 3.000000 3.000000
4.29780006 20.37779999 6.52990007 3.000000 3.000000
4.30130005 18.99860001 5.43480015 3.000000 3.000000
4.30940008 20.61059952 6.58869982 3.000000 3.000000
4.29829979 20.31290054 6.45020008 3.000000 3.000000
4.29939985 20.00480080 6.14809990 3.000000 3.000000
4.30530024 19.48200035 5.75460005 3.000000 3.000000
4.30550003 19.57489967 5.84229994 3.000000 3.000000
4.29699993 20.50909996 6.62150002 3.000000 3.000000
4.28669977 19.78610039 6.08069992 3.000000 3.000000
4.28870010 20.35000038 6.53789997 3.000000 3.000000
4.26090002 19.36400032 5.57859993 3.000000 3.000000
4.30560017 19.46220016 5.72459984 3.000000 3.000000
4.30579996 19.48990059 5.76870012 3.000000 3.000000
4.32270002 20.52219963 6.51590014 3.000000 3.000000
4.30030012 19.86039925 6.04110003 3.000000 3.000000
4.28569984 19.94829941 6.21360016 3.000000 3.000000
4.29829979 20.36199951 6.48909998 3.000000 3.000000
4.29570007 20.37509918 6.54809999 3.000000 3.000000
4.31939983 19.54159927 5.88509989 3.000000 3.000000
4.33799982 19.49020004 5.84369993 3.000000 3.000000
4.26280022 20.16259956 6.22389984 3.000000 3.000000
4.32149982 19.55599976 5.73199987 3.000000 3.000000
4.36189985 19.54500008 5.88469982 3.000000 3.000000
4.31559992 20.09460068 6.16970015 3.000000 3.000000
4.26450014 19.56609917 5.73990011 3.000000 3.000000
4.34369993 19.44879913 5.80919981 3.000000 3.000000
4.30579996 19.51040077 5.84270000 3.000000 3.000000
4.28770018 20.26110077 6.46619987 3.000000 3.000000
4.27460003 18.92639923 5.38500023 3.000000 3.000000
4.30590010 19.46220016 5.74270010 3.000000 3.000000
4.32980013 19.44499969 5.64160013 3.000000 3.000000
4.24189997 20.21640015 6.42899990 3.000000 3.000000
4.29820013 20.37829971 6.48759985 3.000000 3.000000
4.30550003 19.51429939 5.76319981 3.000000 3.000000
4.29990005 20.51059914 6.50729990 3.000000 3.000000
4.30539989 19.51029968 5.78679991 3.000000 3.000000
4.29960012 19.95700073 6.17059994 3.000000 3.000000
4.30530024 19.45089912 5.77099991 3.000000 3.000000
4.29969978 20.02610016 6.23339987 3.000000 3.000000
4.26000023 20.63319969 6.62279987 3.000000 3.000000
4.30310011 19.28520012 5.59530020 3.000000 3.000000
4.27960014 20.30660057 6.50449991 3.000000 3.000000
4.28840017 20.60779953 6.59200001 3.000000 3.000000
4.33909988 19.43120003 5.79559994 3.000000 3.000000
4.31150007 19.54809952 5.72489977 3.000000 3.000000
4.30369997 19.13400078 5.47550011 3.000000 3.000000
4.29960012 19.93600082 6.16099977 3.000000 3.000000
4.29699993 18.81830025 5.29370022 3.000000 3.000000
4.25769997 20.43190002 6.60640001 3.000000 3.000000
4.30369997 19.08469963 5.49090004 3.000000 3.000000
4.30569983 19.51009941 5.76800013 3.000000 3.000000
4.31129980 19.50399971 5.84919977 3.000000 3.000000
4.29549980 20.32620049 6.50880003 3.000000 3.000000
4.34919977 20.56240082 6.54879999 3.000000 3.000000
4.29750013 20.57620049 6.63810015 3.000000 3.000000
4.30000019 18.82830048 5.29570007 3.000000 3.000000
4.36199999 19.42690086 5.78910017 3.000000 3.000000
4.29250002 20.48679924 6.64340019 3.000000 3.000000
4.30530024 19.57900047 5.86240005 3.000000 3.000000
4.29920006 20.09239960 6.22039986 3.000000 3.000000
4.29239988 20.26149940 6.46250010 3.000000 3.000000
4.27349997 19.93980026 6.20709991 3.000000 3.000000
4.30369997 18.93950081 5.36560011 3.000000 3.000000
4.37050009 19.53310013 5.71360016 3.000000 3.000000
4.28550005 19.77230072 6.07130003 3.000000 3.000000
4.30530024 19.60779953 5.85809994 3.000000 3.000000
4.29939985 19.89340019 6.05060005 3.000000 3.000000
4.30310011 18.94569969 5.32649994 3.000000 3.000000
4.31909990 19.56080055 5.73509979 3.000000 3.000000
4.28789997 19.56889915 5.74200010 3.000000 3.000000
4.30389977 18.95789909 5.31129980 3.000000 3.000000
4.26420021 19.13310051 5.55329990 3.000000 3.000000
4.30800009 19.57810020 5.90430021 3.000000 3.000000
4.30340004 19.14060020 5.51469994 3.000000 3.000000
4.24259996 20.25559998 6.46089983 3.000000 3.000000
4.30569983 19.49760056 5.76469994 3.000000 3.000000
4.24319983 19.86680031 5.98960018 3.000000 3.000000
4.30340004 18.97809982 5.31099987 3.000000 3.000000
4.28870010 20.17930031 6.23780012 3.000000 3.000000
4.28749990 19.01779938 5.29699993 3.000000 3.000000
4.29710007 20.53590012 6.64209986 3.000000 3.000000
4.35610008 19.49169922 5.84259987 3.000000 3.000000
4.27339983 20.59440041 6.57980013 3.000000 3.000000
4.29580021 20.41500092 6.58020020 3.000000 3.000000
4.24289989 20.34840012 6.37340021 3.000000 3.000000
4.29279995 18.83259964 5.30740023 3.000000 3.000000
4.25740004 20.41530037 6.42789984 3.000000 3.000000
4.26300001 19.54619980 5.72340012 3.000000 3.000000
4.30350018 19.34480095 5.61240005 3.000000 3.000000
4.29879999 20.07320023 6.22739983 3.000000 3.000000
4.30310011 19.22500038 5.59450006 3.000000 3.000000
4.27330017 18.99119949 5.43889999 3.000000 3.000000
4.28789997 20.61910057 6.59399986 3.000000 3.000000
4.34270000 19.49670029 5.84810019 3.000000 3.000000
4.31519985 20.60639954 6.59219980 3.000000 3.000000
4.26389980 19.20870018 5.45179987 3.000000 3.000000
4.29780006 19.97159958 6.22090006 3.000000 3.000000
4.29930019 19.07209969 5.49690008 3.000000 3.000000
4.26599979 20.64739990 6.61590004 3.000000 3.000000
4.24389982 20.44370079 6.61479998 3.000000 3.000000
4.27930021 19.09110069 5.35589981 3.000000 3.000000
4.30520010 19.54310036 5.79610014 3.000000 3.000000
4.24249983 20.34169960 6.36780024 3.000000 3.000000
4.32229996 19.04450035 5.31860018 3.000000 3.000000
4.28830004 20.41119957 6.58699989 3.000000 3.000000
4.30319977 19.17280006 5.52279997 3.000000 3.000000
4.30380011 19.11980057 5.44409990 3.000000 3.000000
4.29969978 19.99119949 6.17259979 3.000000 3.000000
4.30389977 18.97820091 5.38899994 3.000000 3.000000
4.26240015 19.81170082 6.10340023 3.000000 3.000000
4.24249983 20.21190071 6.42579985 3.000000 3.000000
4.30950022 19.52160072 5.86180019 3.000000 3.000000
4.30019999 19.10519981 5.52110004 3.000000 3.000000
4.30359983 19.15970039 5.53070021 3.000000 3.000000
4.29920006 20.05920029 6.20989990 3.000000 3.000000
4.30600023 19.51840019 5.78240013 3.000000 3.000000
4.30299997 19.22489929 5.54699993 3.000000 3.000000
4.32399988 19.55970001 5.89940023 3.000000 3.000000
4.29769993 20.50099945 6.63630009 3.000000 3.000000
4.30259991 19.13400078 5.49860001 3.000000 3.000000
4.30609989 19.46999931 5.73850012 3.000000 3.000000
4.30700016 19.45330048 5.64839983 3.000000 3.000000
4.33750010 19.56669998 5.90360022 3.000000 3.000000
4.29250002 20.24060059 6.44600010 3.000000 3.000000
4.29820013 20.35650063 6.49889994 3.000000 3.000000
4.24259996 20.31879997 6.51200008 3.000000 3.000000
4.30049992 19.92919922 6.15280008 3.000000 3.000000
4.30399990 20.59510040 6.63740015 3.000000 3.000000
4.29790020 20.40579987 6.52360010 3.000000 3.000000
4.30520010 19.60779953 5.84569979 3.000000 3.000000
4.27390003 19.03149986 5.30709982 3.000000 3.000000
4.30429983 19.03809929 5.44390011 3.000000 3.000000
4.29960012 19.96419907 6.14589977 3.000000 3.000000
4.29799986 20.57880020 6.61999989 3.000000 3.000000
4.30019999 19.23119926 5.62510014 3.000000 3.000000
4.26870012 20.30270004 6.50150013 3.000000 3.000000
4.30280018 18.92029953 5.36530018 3.000000 3.000000
4.29750013 20.49550056 6.55870008 3.000000 3.000000
4.27909994 19.19669914 5.44229984 3.000000 3.000000
4.35129976 19.47340012 5.82870007 3.000000 3.000000
4.30649996 19.46599960 5.74940014 3.000000 3.000000
4.31960011 19.43429947 5.79890013 3.000000 3.000000
4.30410004 18.97150040 5.38129997 3.000000 3.000000
4.30539989 19.49360085 5.79470015 3.000000 3.000000
4.36959982 19.56929970 5.74280024 3.000000 3.000000
4.24650002 19.06419945 5.33489990 3.000000 3.000000
4.29549980 20.55649948 6.64309978 3.000000 3.000000
4.30329990 18.86039925 5.28319979 3.000000 3.000000
4.30480003 18.90029907 5.34280014 3.000000 3.000000
4.30439997 18.86599922 5.29629993 3.000000 3.000000
4.28620005 19.20429993 5.61079979 3.000000 3.000000
4.27080011 19.60370064 5.77040005 3.000000 3.000000
4.29990005 20.63150024 6.60540009 3.000000 3.000000
4.30579996 19.50169945 5.75339985 3.000000 3.000000
4.29799986 18.91329956 5.37109995 3.000000 3.000000
4.30210018 18.81830025 5.28800011 3.000000 3.000000
4.30590010 19.55820084 5.79349995 3.000000 3.000000
4.23610020 20.42760086 6.60400009 3.000000 3.000000
4.28789997 20.57029915 6.56190014 3.000000 3.000000
4.29850006 19.86039925 6.13149977 3.000000 3.000000
4.34119987 19.48410034 5.67350006 3.000000 3.000000
4.29839993 19.57729912 5.74889994 3.000000 3.000000
4.29860020 20.31879997 6.46210003 3.000000 3.000000
4.32509995 20.62010002 6.59590006 3.000000 3.000000
4.30359983 19.15369987 5.46770000 3.000000 3.000000
4.30340004 19.00429916 5.37319994 3.000000 3.000000
4.29890013 20.02589989 6.18260002 3.000000 3.000000
4.29890013 20.14660072 6.25750017 3.000000 3.000000
4.30499983 19.43939972 5.78049994 3.000000 3.000000
4.29260015 20.30579948 6.49790001 3.000000 3.000000
4.31500006 20.06119919 6.14219999 3.000000 3.000000
4.30499983 19.59079933 5.85979986 3.000000 3.000000
4.30240011 19.05170059 5.47450018 3.000000 3.000000
4.30280018 19.26549911 5.62669992 3.000000 3.000000
4.30380011 19.09180069 5.46740007 3.000000 3.000000
4.30389977 18.95800018 5.36560011 3.000000 3.000000
4.30539989 19.51889992 5.83279991 3.000000 3.000000
4.25610018 20.35849953 6.54559994 3.000000 3.000000
4.25180006 19.93720055 6.20459986 3.000000 3.000000
4.27699995 20.23760033 6.44770002 3.000000 3.000000
4.29759979 20.44389915 6.53929996 3.000000 3.000000
4.23920012 20.67810059 6.64179993 3.000000 3.000000
4.29969978 19.93600082 6.14440012 3.000000 3.000000
4.29390001 19.23100090 5.63030005 3.000000 3.000000
4.29759979 20.43320084 6.58869982 3.000000 3.000000
4.29790020 20.37929916 6.53480005 3.000000 3.000000
4.29799986 20.34519958 6.50659990 3.000000 3.000000
4.29820013 20.31089973 6.47819996 3.000000 3.000000
4.29769993 20.29840088 6.46770000 3.000000 3.000000
4.29780006 20.39010048 6.53389978 3.000000 3.000000
4.29839993 20.35610008 6.50600004 3.000000 3.000000
4.29780006 20.33219910 6.48600006 3.000000 3.000000
4.29759979 20.28689957 6.44850016 3.000000 3.000000
4.29740000 20.40329933 6.53480005 3.000000 3.000000
4.29829979 20.34550095 6.48740005 3.000000 3.000000
4.29850006 20.37989998 6.50610018 3.000000 3.000000
4.29820013 20.35549927 6.48589993 3.000000 3.000000
4.29769993 20.29800034 6.43830013 3.000000 3.000000
4.29799986 20.28730011 6.42969990 3.000000 3.000000
4.29759979 20.40340042 6.51539993 3.000000 3.000000
4.29790020 20.38979912 6.50430012 3.000000 3.000000
4.29829979 20.37940025 6.49590015 3.000000 3.000000
4.29850006 20.31069946 6.43940020 3.000000 3.000000
4.29879999 20.25329971 6.39249992 3.000000 3.000000
4.29790020 20.23999977 6.38110018 3.000000 3.000000
4.29839993 20.20680046 6.35400009 3.000000 3.000000
4.29869986 20.18680000 6.33780003 3.000000 3.000000
4.29850006 20.16399956 6.31899977 3.000000 3.000000
4.29869986 20.15360069 6.31069994 3.000000 3.000000
4.29799986 20.42609978 6.52449989 3.000000 3.000000
4.29799986 20.41460037 6.51499987 3.000000 3.000000
4.29820013 20.35510063 6.46610022 3.000000 3.000000
4.29839993 20.32069969 6.43790007 3.000000 3.000000
4.29869986 20.19720078 6.33680010 3.000000 3.000000
4.29839993 20.37929916 6.47639990 3.000000 3.000000
4.29839993 20.36790085 6.46700001 3.000000 3.000000
4.29759979 20.33110046 6.43650007 3.000000 3.000000
4.29839993 20.32049942 6.42810011 3.000000 3.000000
4.29769993 20.28639984 6.39989996 3.000000 3.000000
4.29839993 20.27519989 6.39099979 3.000000 3.000000
4.29890013 20.25309944 6.37309980 3.000000 3.000000
4.29829979 20.17420006 6.30840015 3.000000 3.000000
4.31540012 19.56299973 5.90059996 3.000000 3.000000
4.29820013 20.40410042 6.48699999 3.000000 3.000000
4.29759979 20.38890076 6.47419977 3.000000 3.000000
4.29839993 20.37919998 6.46659994 3.000000 3.000000
4.29850006 20.34519958 6.43870020 3.000000 3.000000
4.29820013 20.24029922 6.35270023 3.000000 3.000000
4.29890013 20.19750023 6.31809998 3.000000 3.000000
4.29920006 20.16500092 6.29180002 3.000000 3.000000
4.29860020 20.13109970 6.26389980 3.000000 3.000000
4.29850006 20.11960030 6.25449991 3.000000 3.000000
4.29790020 20.43709946 6.50419998 3.000000 3.000000
4.29790020 20.42569923 6.49480009 3.000000 3.000000
4.29820013 20.40390015 6.47709990 3.000000 3.000000
4.29850006 20.36779976 6.44750023 3.000000 3.000000
4.29829979 20.35499954 6.43699980 3.000000 3.000000
4.29790020 20.33139992 6.41750002 3.000000 3.000000
4.29769993 20.29719925 6.38950014 3.000000 3.000000
4.29790020 20.28639984 6.38079977 3.000000 3.000000
4.29829979 20.27479935 6.37139988 3.000000 3.000000
4.29869986 20.26339912 6.36229992 3.000000 3.000000
4.29890013 20.25300026 6.35389996 3.000000 3.000000
4.29799986 20.23979950 6.34270000 3.000000 3.000000
4.29799986 20.22909927 6.33409977 3.000000 3.000000
4.29909992 20.19759941 6.30880022 3.000000 3.000000
4.30100012 19.12719917 5.42729998 3.000000 3.000000
4.30049992 19.08469963 5.50530005 3.000000 3.000000
4.30270004 19.26539993 5.57900000 3.000000 3.000000
4.25869989 20.54439926 6.53830004 3.000000 3.000000
4.29839993 20.30769920 6.45330000 3.000000 3.000000
4.30539989 19.45439911 5.78420019 3.000000 3.000000
4.30319977 19.17880058 5.54650021 3.000000 3.000000
4.30520010 19.59519958 5.89879990 3.000000 3.000000
4.29670000 20.53759956 6.61530018 3.000000 3.000000
4.24240017 20.22809982 6.43870020 3.000000 3.000000
4.24980021 20.12000084 6.18949986 3.000000 3.000000
4.30329990 18.95800018 5.39650011 3.000000 3.000000
4.35270023 19.53590012 5.71549988 3.000000 3.000000
4.29820013 20.33440018 6.50269985 3.000000 3.000000
4.31580019 20.62630081 6.60839987 3.000000 3.000000
4.35930014 19.52289963 5.86780024 3.000000 3.000000
4.27430010 19.01110077 5.45499992 3.000000 3.000000
4.30609989 19.49749947 5.75820017 3.000000 3.000000
4.24359989 20.09169960 6.16790009 3.000000 3.000000
4.30600023 19.46629906 5.76219988 3.000000 3.000000
4.33309984 19.47220039 5.82989979 3.000000 3.000000
4.29379988 19.03179932 5.30719995 3.000000 3.000000
4.30329990 18.92630005 5.30329990 3.000000 3.000000
4.34030008 19.49679947 5.68370008 3.000000 3.000000
4.29720020 20.42729950 6.58370018 3.000000 3.000000
4.30459976 18.90029907 5.32719994 3.000000 3.000000
4.28459978 19.57419968 5.74590015 3.000000 3.000000
4.28130007 19.49850082 5.68510008 3.000000 3.000000
4.28090000 20.41189957 6.59019995 3.000000 3.000000
4.30369997 19.14060020 5.53070021 3.000000 3.000000
4.26550007 19.52039909 5.70249987 3.000000 3.000000
4.30030012 19.92200089 6.16060019 3.000000 3.000000
4.31150007 19.52470016 5.86740017 3.000000 3.000000
4.24030018 20.40839958 6.59100008 3.000000 3.000000
4.30560017 19.55450058 5.84270000 3.000000 3.000000
4.30350018 19.09189987 5.49090004 3.000000 3.000000
4.29869986 19.98480034 6.23050022 3.000000 3.000000
4.27839994 19.54890060 5.72510004 3.000000 3.000000
4.29960012 20.02599907 6.20809984 3.000000 3.000000
4.29169989 19.91370010 6.02309990 3.000000 3.000000
4.25419998 19.86210060 6.14330006 3.000000 3.000000
4.30289984 19.07839966 5.44350004 3.000000 3.000000
4.30299997 19.32369995 5.61180019 3.000000 3.000000
4.31330013 19.43650055 5.79820013 3.000000 3.000000
4.30410004 18.96500015 5.31129980 3.000000 3.000000
4.29780006 20.42830086 6.50549984 3.000000 3.000000
4.29080009 19.23789978 5.63700008 3.000000 3.000000
4.30340004 18.95190048 5.38880014 3.000000 3.000000
4.28020000 19.98889923 6.24679995 3.000000 3.000000
4.30240011 19.27219963 5.59480000 3.000000 3.000000
4.30019999 19.98500061 6.21439981 3.000000 3.000000
4.25530005 20.33469963 6.52580023 3.000000 3.000000
4.27370024 19.14690018 5.56529999 3.000000 3.000000
4.30550003 19.48220062 5.80399990 3.000000 3.000000
4.25460005 20.35689926 6.38019991 3.000000 3.000000
4.30340004 19.09169960 5.40460014 3.000000 3.000000
4.30240011 19.27219963 5.60279989 3.000000 3.000000
4.29809999 20.30730057 6.46700001 3.000000 3.000000
4.29260015 20.34379959 6.52820015 3.000000 3.000000
4.30609989 19.49309921 5.73850012 3.000000 3.000000
4.31710005 19.59919930 5.92899990 3.000000 3.000000
4.30999994 20.50580025 6.50250006 3.000000 3.000000
4.29960012 20.04610062 6.21770000 3.000000 3.000000
4.29750013 20.29540062 6.47840023 3.000000 3.000000
4.25419998 20.24250031 6.45079994 3.000000 3.000000
4.30539989 19.58279991 5.84460020 3.000000 3.000000
4.33580017 19.59539986 5.76319981 3.000000 3.000000
4.30380011 18.92020035 5.30359983 3.000000 3.000000
4.32800007 19.23200035 5.47079992 3.000000 3.000000
4.29799986 20.46710014 6.52920008 3.000000 3.000000
4.26429987 19.53370094 5.71299982 3.000000 3.000000
4.30369997 19.05159950 5.39680004 3.000000 3.000000
4.29920006 20.07329941 6.26980019 3.000000 3.000000
4.29799986 20.34460068 6.48210001 3.000000 3.000000
4.30289984 19.22489929 5.51529980 3.000000 3.000000
4.30019999 19.83539963 6.08120012 3.000000 3.000000
4.30389977 19.96459961 6.06470013 3.000000 3.000000
4.27120018 20.44420052 6.45200014 3.000000 3.000000
4.34530020 19.57060051 5.74289989 3.000000 3.000000
4.33839989 19.59009933 5.75969982 3.000000 3.000000
4.29650021 18.84609985 5.31650019 3.000000 3.000000
4.29820013 20.49040031 6.60599995 3.000000 3.000000
4.30340004 19.13389969 5.44399977 3.000000 3.000000
4.30280018 19.16550064 5.52260017 3.000000 3.000000
4.31239986 20.52680016 6.52040005 3.000000 3.000000
4.29769993 20.46680069 6.53599977 3.000000 3.000000
4.30019999 19.95000076 6.19560003 3.000000 3.000000
4.30639982 19.46629906 5.80520010 3.000000 3.000000
4.34250021 19.58480072 5.91779995 3.000000 3.000000
4.29710007 19.48850060 5.67689991 3.000000 3.000000
4.30000019 19.93610001 6.16960001 3.000000 3.000000
4.30459976 19.60400009 5.90180016 3.000000 3.000000
4.28109980 19.46649933 5.65869999 3.000000 3.000000
4.27799988 19.92639923 6.03380013 3.000000 3.000000
4.26580000 19.22960091 5.46850014 3.000000 3.000000
4.28289986 19.11170006 5.37309980 3.000000 3.000000
4.29769993 20.39979935 6.54750013 3.000000 3.000000
4.30100012 18.85269928 5.31820011 3.000000 3.000000
4.27040005 20.46559906 6.63460016 3.000000 3.000000
4.30100012 19.49469948 5.68179989 3.000000 3.000000
4.27699995 20.44120026 6.61339998 3.000000 3.000000
4.30810022 19.60269928 5.92420006 3.000000 3.000000
4.30539989 19.49780083 5.77110004 3.000000 3.000000
4.30089998 19.84539986 6.00120020 3.000000 3.000000
4.29729986 20.44930077 6.60160017 3.000000 3.000000
4.34189987 19.53300095 5.87790012 3.000000 3.000000
4.29769993 20.39990044 6.51160002 3.000000 3.000000
4.25139999 19.16379929 5.41499996 3.000000 3.000000
4.30350018 19.00440025 5.39659977 3.000000 3.000000
4.30359983 19.04430008 5.38110018 3.000000 3.000000
4.28730011 20.26639938 6.47020006 3.000000 3.000000
4.26929998 20.42449951 6.60039997 3.000000 3.000000
4.35739994 19.51880074 5.70120001 3.000000 3.000000
4.29440022 20.44599915 6.45330000 3.000000 3.000000
4.32439995 19.94549942 6.04850006 3.000000 3.000000
4.29869986 20.33499908 6.46789980 3.000000 3.000000
4.29799986 19.87290001 6.03230000 3.000000 3.000000
4.32289982 19.46430016 5.82310009 3.000000 3.000000
4.24420023 20.37070084 6.39160013 3.000000 3.000000
4.30329990 19.21739960 5.51539993 3.000000 3.000000
4.30149984 19.19779968 5.59350014 3.000000 3.000000
4.31720018 20.12949944 6.19789982 3.000000 3.000000
4.30310011 19.29809952 5.61140013 3.000000 3.000000
4.30450010 18.86610031 5.31180000 3.000000 3.000000
4.28200006 20.43510056 6.44430017 3.000000 3.000000
4.28830004 20.01790047 6.26940012 3.000000 3.000000
4.29969978 20.01180077 6.22410011 3.000000 3.000000
4.31400013 19.22520065 5.46490002 3.000000 3.000000
4.30289984 19.16550064 5.51469994 3.000000 3.000000
4.29750013 20.37159920 6.53919983 3.000000 3.000000
4.30039978 19.84770012 6.10690022 3.000000 3.000000
4.28809977 20.47839928 6.64020014 3.000000 3.000000
4.30520010 19.45840073 5.79160023 3.000000 3.000000
4.24779987 18.99780083 5.28130007 3.000000 3.000000
4.30280018 19.29179955 5.61119986 3.000000 3.000000
4.28450012 19.92000008 6.02829981 3.000000 3.000000
4.28980017 18.92639923 5.38329983 3.000000 3.000000
4.29780006 20.42320061 6.53020000 3.000000 3.000000
4.25460005 20.21559906 6.42959976 3.000000 3.000000
4.29829979 20.38380051 6.46350002 3.000000 3.000000
4.25379992 20.63940048 6.61140013 3.000000 3.000000
4.35540009 19.48690033 5.67589998 3.000000 3.000000
4.29659986 20.51609993 6.62200022 3.000000 3.000000
4.30299997 19.26530075 5.56330013 3.000000 3.000000
4.30319977 19.07839966 5.45930004 3.000000 3.000000
4.30329990 19.03210068 5.39659977 3.000000 3.000000
4.30569983 19.54640007 5.80289984 3.000000 3.000000
4.32369995 20.04290009 6.12860012 3.000000 3.000000
4.29850006 20.35689926 6.47800016 3.000000 3.000000
4.29360008 20.62490082 6.59969997 3.000000 3.000000
4.34200001 19.51639938 5.69980001 3.000000 3.000000
4.30359983 19.09819984 5.49090004 3.000000 3.000000
4.26429987 18.82589912 5.30380011 3.000000 3.000000
4.31610012 19.59889984 5.76650000 3.000000 3.000000
4.29720020 20.49500084 6.59450006 3.000000 3.000000
4.28859997 20.50839996 6.50600004 3.000000 3.000000
4.29839993 19.28490067 5.55369997 3.000000 3.000000
4.34340000 19.54420090 5.88619995 3.000000 3.000000
4.30550003 19.57489967 5.84849977 3.000000 3.000000
4.29920006 19.17869949 5.58440018 3.000000 3.000000
4.29939985 19.74629974 6.03550005 3.000000 3.000000
4.29790020 20.45009995 6.59520006 3.000000 3.000000
4.29920006 20.06660080 6.22720003 3.000000 3.000000
4.30070019 19.76639938 6.04519987 3.000000 3.000000
4.30380011 19.21030045 5.57880020 3.000000 3.000000
4.30280018 19.12730026 5.47510004 3.000000 3.000000
4.30639982 20.47809982 6.47860003 3.000000 3.000000
4.25390005 19.14599991 5.40040016 3.000000 3.000000
4.30009985 19.99860001 6.23199987 3.000000 3.000000
4.33389997 20.52470016 6.51739979 3.000000 3.000000
4.30539989 19.44689941 5.72679996 3.000000 3.000000
4.30429983 18.88610077 5.29619980 3.000000 3.000000
4.34989977 19.58559990 5.75610018 3.000000 3.000000
4.30560017 19.48999977 5.78119993 3.000000 3.000000
4.26380014 20.20109940 6.41699982 3.000000 3.000000
4.27759981 19.07139969 5.33970022 3.000000 3.000000
4.29839993 20.35499954 6.45270014 3.000000 3.000000
4.29829979 20.13349915 6.29020023 3.000000 3.000000
4.30359983 19.13400078 5.46759987 3.000000 3.000000
4.30609989 19.45789909 5.74760008 3.000000 3.000000
4.28249979 20.44179916 6.44990015 3.000000 3.000000
4.30299997 19.26530075 5.54750013 3.000000 3.000000
4.30749989 19.56529999 5.73880005 3.000000 3.000000
4.24189997 20.11280060 6.18510008 3.000000 3.000000
4.24879980 19.92980003 6.04479980 3.000000 3.000000
4.34130001 19.52899933 5.70989990 3.000000 3.000000
4.30019999 20.05290031 6.20160007 3.000000 3.000000
4.30380011 18.90040016 5.35020018 3.000000 3.000000
4.33620024 19.03240013 5.30859995 3.000000 3.000000
4.29939985 20.06660080 6.19369984 3.000000 3.000000
4.28800011 18.97150040 5.42150021 3.000000 3.000000
4.29769993 19.07839966 5.50409985 3.000000 3.000000
4.30310011 19.25919914 5.62669992 3.000000 3.000000
4.30030012 19.81550026 6.02239990 3.000000 3.000000
4.29809999 20.49040031 6.54780006 3.000000 3.000000
4.29850006 20.38400078 6.47090006 3.000000 3.000000
4.30359983 18.98500061 5.38889980 3.000000 3.000000
4.30350018 18.94569969 5.35769987 3.000000 3.000000
4.30579996 19.52269936 5.80870008 3.000000 3.000000
4.30359983 19.01819992 5.42010021 3.000000 3.000000
4.36609983 19.50029945 5.84969997 3.000000 3.000000
4.30359983 19.05830002 5.44369984 3.000000 3.000000
4.30299997 19.07209969 5.45130014 3.000000 3.000000
4.28569984 19.53770065 5.71670008 3.000000 3.000000
4.30480003 20.08699989 6.16400003 3.000000 3.000000
4.30359983 18.99130058 5.34219980 3.000000 3.000000
4.29670000 20.51230049 6.59350014 3.000000 3.000000
4.30270004 19.45859909 5.65299988 3.000000 3.000000
4.30569983 19.48979950 5.74410009 3.000000 3.000000
4.29969978 19.90069962 6.10090017 3.000000 3.000000
4.29949999 20.01169968 6.20720005 3.000000 3.000000
4.30019999 19.74029922 6.00260019 3.000000 3.000000
4.30270004 19.13409996 5.53020000 3.000000 3.000000
4.31269979 19.99270058 6.08710003 3.000000 3.000000
4.30289984 19.05830002 5.41989994 3.000000 3.000000
4.30310011 19.19779968 5.57040024 3.000000 3.000000
4.29809999 20.33919907 6.46369982 3.000000 3.000000
4.30270004 19.28529930 5.63490009 3.000000 3.000000
4.30530024 19.56259918 5.82019997 3.000000 3.000000
4.25759983 20.43790054 6.61129999 3.000000 3.000000
4.30299997 19.17289925 5.55429983 3.000000 3.000000
4.29699993 20.48760033 6.62830019 3.000000 3.000000
4.30030012 19.82889938 6.05609989 3.000000 3.000000
4.29699993 20.45409966 6.53989983 3.000000 3.000000
4.29909992 20.14660072 6.26609993 3.000000 3.000000
4.30259991 18.83889961 5.30350018 3.000000 3.000000
4.29780006 20.41110039 6.57110023 3.000000 3.000000
4.26140022 18.97760010 5.26359987 3.000000 3.000000
4.24310017 20.30360031 6.50010014 3.000000 3.000000
4.30280018 19.07699966 5.51440001 3.000000 3.000000
4.28280020 19.25289917 5.49510002 3.000000 3.000000
4.27449989 19.04080009 5.48629999 3.000000 3.000000
4.26830006 19.02449989 5.47259998 3.000000 3.000000
4.25600004 19.21739960 5.46689987 3.000000 3.000000
4.26179981 19.00740051 5.45879984 3.000000 3.000000
4.27720022 19.20120049 5.45370007 3.000000 3.000000
4.25559998 18.99090004 5.44519997 3.000000 3.000000
4.27069998 18.99250031 5.44560003 3.000000 3.000000
4.27050018 19.18320084 5.43979979 3.000000 3.000000
4.24940014 18.97470093 5.43149996 3.000000 3.000000
4.27880001 19.16640091 5.42630005 3.000000 3.000000
4.29220009 19.16460037 5.42659998 3.000000 3.000000
4.27320004 18.95949936 5.41860008 3.000000 3.000000
4.26599979 19.13249969 5.39879990 3.000000 3.000000
4.26020002 18.92530060 5.39139986 3.000000 3.000000
4.25969982 19.11580086 5.38509989 3.000000 3.000000
4.25390005 18.90880013 5.37779999 3.000000 3.000000
4.25339985 19.09900093 5.37139988 3.000000 3.000000
4.26840019 19.10129929 5.37179995 3.000000 3.000000
4.24790001 18.89290047 5.36429977 3.000000 3.000000
4.27619982 19.08349991 5.35839987 3.000000 3.000000
4.28599977 19.06679916 5.34520006 3.000000 3.000000
4.27349997 19.03380013 5.31799984 3.000000 3.000000
4.26679993 19.01630020 5.30439997 3.000000 3.000000
4.29809999 20.56599998 6.61560011 3.000000 3.000000
4.30159998 19.78039932 6.04619980 3.000000 3.000000
4.30340004 19.15379906 5.49119997 3.000000 3.000000
4.30490017 19.59950066 5.90660000 3.000000 3.000000
4.30380011 18.99850082 5.38899994 3.000000 3.000000
4.30009985 19.75950050 6.00339985 3.000000 3.000000
4.30019999 19.90069962 6.05959988 3.000000 3.000000
4.29949999 19.90789986 6.10109997 3.000000 3.000000
4.29740000 20.55109978 6.62570000 3.000000 3.000000
4.30560017 19.47419930 5.76459980 3.000000 3.000000
4.30089998 19.20479965 5.60129976 3.000000 3.000000
4.27880001 20.27790070 6.48089981 3.000000 3.000000
4.29729986 20.50049973 6.59899998 3.000000 3.000000
4.33780003 19.53380013 5.71379995 3.000000 3.000000
4.24069977 20.61599922 6.59340000 3.000000 3.000000
4.29519987 19.14710045 5.40159988 3.000000 3.000000
4.30310011 19.14749908 5.49889994 3.000000 3.000000
4.29510021 19.94939995 6.20989990 3.000000 3.000000
4.30359983 19.54689980 5.72429991 3.000000 3.000000
4.27449989 19.21649933 5.62169981 3.000000 3.000000
4.30259991 18.87570000 5.31029987 3.000000 3.000000
4.24580002 20.05200005 6.14150000 3.000000 3.000000
4.30499983 19.57089996 5.83519983 3.000000 3.000000
4.30560017 19.51460075 5.82530022 3.000000 3.000000
4.24770021 19.34959984 5.57259989 3.000000 3.000000
4.32070017 19.59269905 5.76130009 3.000000 3.000000
4.30550003 19.53890038 5.78849983 3.000000 3.000000
4.30340004 18.90019989 5.28020000 3.000000 3.000000
4.30490017 19.59099960 5.90409994 3.000000 3.000000
4.30389977 19.05170059 5.45160007 3.000000 3.000000
4.29979992 19.90789986 6.11789989 3.000000 3.000000
4.29780006 20.47800064 6.60300016 3.000000 3.000000
4.29790020 20.52580070 6.63439989 3.000000 3.000000
4.26039982 20.45949936 6.46449995 3.000000 3.000000
4.28789997 20.14489937 6.20979977 3.000000 3.000000
4.29729986 20.33609962 6.47739983 3.000000 3.000000
4.25139999 18.86639977 5.33710003 3.000000 3.000000
4.25600004 20.30929947 6.50579977 3.000000 3.000000
4.30550003 19.55859947 5.85020018 3.000000 3.000000
4.24440002 20.33279991 6.52460003 3.000000 3.000000
4.29820013 20.36720085 6.51450014 3.000000 3.000000
4.30280018 19.22500038 5.61030006 3.000000 3.000000
4.30289984 18.94569969 5.33419991 3.000000 3.000000
4.30530024 19.56270027 5.85769987 3.000000 3.000000
4.28999996 19.01129913 5.45359993 3.000000 3.000000
4.30359983 18.98500061 5.36549997 3.000000 3.000000
4.30340004 18.98500061 5.38100004 3.000000 3.000000
4.30649996 19.48189926 5.82180023 3.000000 3.000000
4.30310011 19.19759941 5.49940014 3.000000 3.000000
4.30380011 19.05159950 5.42030001 3.000000 3.000000
4.29790020 20.28450012 6.47009993 3.000000 3.000000
4.30550003 19.50600052 5.79799986 3.000000 3.000000
4.30389977 19.01810074 5.35780001 3.000000 3.000000
4.29710007 20.48270035 6.59910011 3.000000 3.000000
4.24410009 20.46660042 6.63380003 3.000000 3.000000
4.30380011 19.32379913 5.62010002 3.000000 3.000000
4.29740000 20.50060081 6.59180021 3.000000 3.000000
4.27339983 20.65670013 6.62979984 3.000000 3.000000
4.30009985 19.85400009 6.11539984 3.000000 3.000000
4.27909994 19.84530067 5.99779987 3.000000 3.000000
4.30389977 19.20479965 5.57880020 3.000000 3.000000
4.28819990 20.31710052 6.51119995 3.000000 3.000000
4.29820013 20.01910019 6.25759983 3.000000 3.000000
4.29729986 20.60680008 6.63999987 3.000000 3.000000
4.30310011 19.10519981 5.49079990 3.000000 3.000000
4.29879999 20.09250069 6.27930021 3.000000 3.000000
4.27019978 19.50259972 5.68820000 3.000000 3.000000
4.30310011 19.05159950 5.41219997 3.000000 3.000000
4.30280018 19.28520012 5.61110020 3.000000 3.000000
4.28060007 20.35040092 6.54020023 3.000000 3.000000
4.24399996 19.17670059 5.42770004 3.000000 3.000000
4.30450010 19.05170059 5.45970011 3.000000 3.000000
4.29600000 20.34199905 6.52180004 3.000000 3.000000
4.34670019 19.51070023 5.69479990 3.000000 3.000000
4.30310011 19.24519920 5.57100010 3.000000 3.000000
4.29820013 20.43409920 6.51039982 3.000000 3.000000
4.25659990 20.42499924 6.60010004 3.000000 3.000000
4.25409985 20.23110008 6.44169998 3.000000 3.000000
4.30410004 19.07839966 5.47529984 3.000000 3.000000
4.27869987 19.49139977 5.67910004 3.000000 3.000000
4.26410007 19.19029999 5.43610001 3.000000 3.000000
4.32770014 20.64209938 6.62069988 3.000000 3.000000
4.31050014 20.20350075 6.25869989 3.000000 3.000000
4.31960011 19.48019981 5.67030001 3.000000 3.000000
4.30039978 19.15379906 5.56090021 3.000000 3.000000
4.28959990 19.15320015 5.40719986 3.000000 3.000000
4.29979992 19.92180061 6.07709980 3.000000 3.000000
4.25680017 20.38129997 6.56459999 3.000000 3.000000
4.29829979 20.54879951 6.63119984 3.000000 3.000000
4.34530020 20.61639977 6.59609985 3.000000 3.000000
4.29809999 20.27379990 6.46169996 3.000000 3.000000
4.33470011 19.48220062 5.67180014 3.000000 3.000000
4.29939985 19.91480064 6.11810017 3.000000 3.000000
4.30399990 18.85890007 5.28840017 3.000000 3.000000
4.30499983 19.44319916 5.74459982 3.000000 3.000000
4.25220013 19.09720039 5.52430010 3.000000 3.000000
4.30049992 19.99139977 6.21490002 3.000000 3.000000
4.32509995 20.15710068 6.22049999 3.000000 3.000000
4.36259985 19.43770027 5.79780006 3.000000 3.000000
4.30329990 19.01140022 5.41209984 3.000000 3.000000
4.30520010 19.48240089 5.81669998 3.000000 3.000000
4.29829979 20.41830063 6.49790001 3.000000 3.000000
4.29290009 19.49419975 5.68149996 3.000000 3.000000
4.28060007 20.32900047 6.52309990 3.000000 3.000000
4.31430006 19.49830055 5.68510008 3.000000 3.000000
4.30560017 19.55060005 5.79790020 3.000000 3.000000
4.29589987 19.76600075 6.05940008 3.000000 3.000000
4.32819986 20.64940071 6.62680006 3.000000 3.000000
4.34040022 20.65900040 6.63430023 3.000000 3.000000
4.30009985 20.01169968 6.16559982 3.000000 3.000000
4.30280018 19.17280006 5.50689983 3.000000 3.000000
4.34060001 20.66589928 6.63980007 3.000000 3.000000
4.30530024 19.54680061 5.86590004 3.000000 3.000000
4.30009985 19.94980049 6.12029982 3.000000 3.000000
4.29949999 19.94280052 6.17810011 3.000000 3.000000
4.33020020 19.43050003 5.79600000 3.000000 3.000000
4.30039978 19.75359917 6.01970005 3.000000 3.000000
4.29729986 20.55879974 6.63870001 3.000000 3.000000
4.30369997 19.16539955 5.46789980 3.000000 3.000000
4.29949999 19.94280052 6.16970015 3.000000 3.000000
4.30359983 19.18519974 5.50729990 3.000000 3.000000
4.29549980 18.85770035 5.32299995 3.000000 3.000000
4.29979992 19.91489983 6.16839981 3.000000 3.000000
4.30499983 19.55480003 5.85570002 3.000000 3.000000
4.29820013 20.36190033 6.47459984 3.000000 3.000000
4.29489994 18.90040016 5.36219978 3.000000 3.000000
4.30569983 19.44700050 5.77580023 3.000000 3.000000
4.27729988 18.94569969 5.40159988 3.000000 3.000000
4.26959991 20.44169998 6.61460018 3.000000 3.000000
4.29829979 20.39480019 6.47930002 3.000000 3.000000
4.29869986 19.26510048 5.53770018 3.000000 3.000000
4.29949999 19.99850082 6.20639992 3.000000 3.000000
4.30310011 19.19179916 5.57830000 3.000000 3.000000
4.29610014 20.33180046 6.51370001 3.000000 3.000000
4.30369997 18.88610077 5.31139994 3.000000 3.000000
4.35249996 19.44960022 5.80880022 3.000000 3.000000
4.29930019 19.99850082 6.23999977 3.000000 3.000000
4.30870008 19.54990005 5.88299990 3.000000 3.000000
4.30009985 20.01169968 6.17390013 3.000000 3.000000
4.30299997 18.87899971 5.33440018 3.000000 3.000000
4.34250021 20.59539986 6.57789993 3.000000 3.000000
4.32749987 19.01829910 5.29729986 3.000000 3.000000
4.30350018 19.22489929 5.53140020 3.000000 3.000000
4.26620007 19.79140091 6.08769989 3.000000 3.000000
4.29820013 20.35090065 6.49440002 3.000000 3.000000
4.30219984 19.37980080 5.63630009 3.000000 3.000000
4.30359983 19.12739944 5.49900007 3.000000 3.000000
4.31320000 20.60359955 6.58269978 3.000000 3.000000
4.30030012 19.74640083 6.02759981 3.000000 3.000000
4.29549980 20.45789909 6.61600018 3.000000 3.000000
4.30490017 18.87899971 5.31960011 3.000000 3.000000
4.31570005 19.44350052 5.80439997 3.000000 3.000000
4.30219984 18.91329956 5.36509991 3.000000 3.000000
4.30569983 19.46240044 5.77370024 3.000000 3.000000
4.27290010 20.47559929 6.47770023 3.000000 3.000000
4.29300022 19.16500092 5.41650009 3.000000 3.000000
4.29740000 20.45470047 6.53340006 3.000000 3.000000
4.29939985 19.97170067 6.17969990 3.000000 3.000000
4.28870010 19.97699928 6.07469988 3.000000 3.000000
4.30600023 19.59469986 5.84130001 3.000000 3.000000
4.28590012 19.19099998 5.43730021 3.000000 3.000000
4.29139996 19.57579994 5.74739981 3.000000 3.000000
4.30569983 19.55870056 5.88149977 3.000000 3.000000
4.30319977 19.32369995 5.59600019 3.000000 3.000000
4.29670000 20.51609993 6.61329985 3.000000 3.000000
4.27589989 19.52939987 5.70940018 3.000000 3.000000
4.29820013 20.35099983 6.45900011 3.000000 3.000000
4.30289984 19.13389969 5.43590021 3.000000 3.000000
4.30369997 19.04439926 5.42019987 3.000000 3.000000
4.28649998 20.55579948 6.54949999 3.000000 3.000000
4.29379988 20.46500015 6.62449980 3.000000 3.000000
4.30579996 19.51880074 5.84499979 3.000000 3.000000
4.29979992 19.90780067 6.01840019 3.000000 3.000000
4.29740000 20.32670021 6.48519993 3.000000 3.000000
4.33080006 19.44179916 5.80480003 3.000000 3.000000
4.33430004 20.60759926 6.58990002 3.000000 3.000000
4.29750013 20.12680054 6.23869991 3.000000 3.000000
4.24189997 18.87929916 5.34859991 3.000000 3.000000
4.36280012 19.58040047 5.75110006 3.000000 3.000000
4.30560017 19.47439957 5.81419992 3.000000 3.000000
4.30359983 18.99860001 5.41230011 3.000000 3.000000
4.34049988 19.50989914 5.85979986 3.000000 3.000000
4.25260019 19.12590027 5.38409996 3.000000 3.000000
4.30240011 19.31040001 5.60340023 3.000000 3.000000
4.30550003 19.58659935 5.86450005 3.000000 3.000000
4.30609989 19.46990013 5.72020006 3.000000 3.000000
4.29720020 20.50040054 6.58430004 3.000000 3.000000
4.29939985 20.07320023 6.20249987 3.000000 3.000000
4.30329990 19.04439926 5.43569994 3.000000 3.000000
4.30539989 19.59910011 5.86189985 3.000000 3.000000
4.30329990 18.99130058 5.34980011 3.000000 3.000000
4.27110004 20.45529938 6.62669992 3.000000 3.000000
4.29619980 20.61989975 6.64069986 3.000000 3.000000
4.30329990 19.25909996 5.56330013 3.000000 3.000000
4.30560017 19.44709969 5.78830004 3.000000 3.000000
4.33069992 19.48800087 5.67619991 3.000000 3.000000
4.30410004 19.08469963 5.47539997 3.000000 3.000000
4.34520006 19.53520012 5.71479988 3.000000 3.000000
4.30639982 19.54610062 5.78359985 3.000000 3.000000
4.30319977 19.20470047 5.54680014 3.000000 3.000000
4.35400009 19.46750069 5.65969992 3.000000 3.000000
4.29839993 20.31850052 6.44759989 3.000000 3.000000
4.30299997 20.66239929 6.63100004 3.000000 3.000000
4.30359983 18.97830009 5.41230011 3.000000 3.000000
4.29680014 19.18510056 5.59140015 3.000000 3.000000
4.29850006 20.33959961 6.45020008 3.000000 3.000000
4.30119991 19.77379990 6.02920008 3.000000 3.000000
4.30999994 19.58130074 5.91009998 3.000000 3.000000
4.30569983 19.45059967 5.73990011 3.000000 3.000000
4.30000019 19.85400009 6.09870005 3.000000 3.000000
4.30329990 18.97809982 5.34980011 3.000000 3.000000
4.30319977 19.01129913 5.36530018 3.000000 3.000000
4.29570007 20.12649918 6.19570017 3.000000 3.000000
4.29930019 19.97839928 6.12979984 3.000000 3.000000
4.30350018 19.15369987 5.47559977 3.000000 3.000000
4.30019999 19.80159950 6.01350021 3.000000 3.000000
4.28840017 20.36020088 6.54589987 3.000000 3.000000
4.36350012 19.43280029 5.63149977 3.000000 3.000000
4.26679993 20.26320076 6.46859980 3.000000 3.000000
4.30280018 19.28529930 5.62699986 3.000000 3.000000
4.34259987 19.47170067 5.66309977 3.000000 3.000000
4.28859997 20.39389992 6.57320023 3.000000 3.000000
4.30019999 20.07329941 6.21129990 3.000000 3.000000
4.29729986 20.59210014 6.62970018 3.000000 3.000000
4.29759979 20.53059959 6.60869980 3.000000 3.000000
4.30560017 19.49769974 5.78329992 3.000000 3.000000
4.29040003 19.05150032 5.48519993 3.000000 3.000000
4.31220007 19.56030083 5.89599991 3.000000 3.000000
4.30329990 19.15379906 5.50699997 3.000000 3.000000
4.29589987 20.35899925 6.53529978 3.000000 3.000000
4.27099991 20.63419914 6.60620022 3.000000 3.000000
4.31309986 19.50769997 5.85510015 3.000000 3.000000
4.29839993 20.39480019 6.52950001 3.000000 3.000000
4.27479982 20.20409966 6.41960001 3.000000 3.000000
4.29239988 19.83469963 6.11899996 3.000000 3.000000
4.27209997 19.09729958 5.36079979 3.000000 3.000000
4.26910019 20.42989922 6.60459995 3.000000 3.000000
4.30399990 18.99850082 5.34229994 3.000000 3.000000
4.34060001 19.56159973 5.89979982 3.000000 3.000000
4.30590010 19.50589943 5.81629992 3.000000 3.000000
4.30109978 19.78039932 6.05429983 3.000000 3.000000
4.30490017 19.60370064 5.85099983 3.000000 3.000000
4.30299997 19.27860069 5.63490009 3.000000 3.000000
4.29909992 20.13360023 6.27370024 3.000000 3.000000
4.29559994 20.36919975 6.54330015 3.000000 3.000000
4.28119993 20.46960068 6.63570023 3.000000 3.000000
4.30079985 19.85400009 6.03270006 3.000000 3.000000
4.29820013 20.35090065 6.50869989 3.000000 3.000000
4.29960012 20.03989983 6.24259996 3.000000 3.000000
4.30709982 19.01799965 5.29699993 3.000000 3.000000
4.29150009 19.15940094 5.57299995 3.000000 3.000000
4.32800007 19.51460075 5.86439991 3.000000 3.000000
4.30009985 20.01939964 6.24160004 3.000000 3.000000
4.30520010 19.59059906 5.82819986 3.000000 3.000000
4.29960012 20.01930046 6.22450018 3.000000 3.000000
4.30350018 19.11969948 5.43610001 3.000000 3.000000
4.29920006 19.93580055 6.08580017 3.000000 3.000000
4.27180004 19.78459930 6.08179998 3.000000 3.000000
4.30359983 19.09810066 5.42040014 3.000000 3.000000
4.29979992 19.90069962 6.07600021 3.000000 3.000000
4.30359983 19.27230072 5.62709999 3.000000 3.000000
4.28789997 19.17219925 5.42229986 3.000000 3.000000
4.30499983 19.55879974 5.86950016 3.000000 3.000000
4.26459980 19.06450081 5.33440018 3.000000 3.000000
4.30429983 18.89299965 5.31160021 3.000000 3.000000
4.29960012 19.99839973 6.14779997 3.000000 3.000000
4.30240011 19.31049919 5.63520002 3.000000 3.000000
4.29909992 20.14669991 6.27460003 3.000000 3.000000
4.29820013 19.83530045 6.11350012 3.000000 3.000000
4.30140018 19.15360069 5.45120001 3.000000 3.000000
4.29699993 20.49480057 6.57959986 3.000000 3.000000
4.27290010 19.96829987 6.06669998 3.000000 3.000000
4.29909992 19.94969940 6.13649988 3.000000 3.000000
4.29670000 20.03269958 6.27449989 3.000000 3.000000
4.29799986 20.38829994 6.51690006 3.000000 3.000000
4.24209976 20.18000031 6.40010023 3.000000 3.000000
4.29769993 20.44379997 6.58279991 3.000000 3.000000
4.29449987 19.22450066 5.46470022 3.000000 3.000000
4.36040020 19.46209908 5.81850004 3.000000 3.000000
4.28070021 19.23049927 5.63250017 3.000000 3.000000
4.29580021 20.48740005 6.63640022 3.000000 3.000000
4.36530018 19.43289948 5.79440022 3.000000 3.000000
4.30389977 18.93930054 5.28809977 3.000000 3.000000
4.29839993 20.32449913 6.46649981 3.000000 3.000000
4.24450016 19.23579979 5.47529984 3.000000 3.000000
4.30079985 19.98480034 6.08090019 3.000000 3.000000
4.26929998 20.62870026 6.62729979 3.000000 3.000000
4.28700018 19.03800011 5.47590017 3.000000 3.000000
4.30450010 19.60350037 5.77019978 3.000000 3.000000
4.29759979 20.31789970 6.45480013 3.000000 3.000000
4.30350018 19.19779968 5.57849979 3.000000 3.000000
4.26719999 20.10820007 6.18050003 3.000000 3.000000
4.29799986 20.40040016 6.48360014 3.000000 3.000000
4.26700020 20.27989960 6.48199987 3.000000 3.000000
4.29710007 20.45420074 6.60540009 3.000000 3.000000
4.30340004 19.07830048 5.41239977 3.000000 3.000000
4.27190018 20.46100044 6.63000011 3.000000 3.000000
4.24310017 20.29850006 6.49590015 3.000000 3.000000
4.31339979 19.46699905 5.65929985 3.000000 3.000000
4.30060005 19.91500092 6.14370012 3.000000 3.000000
4.30329990 18.98489952 5.34200001 3.000000 3.000000
4.30530024 19.56270027 5.83269978 3.000000 3.000000
4.29120016 19.05789948 5.32950020 3.000000 3.000000
4.30049992 19.17849922 5.42749977 3.000000 3.000000
4.29930019 20.09259987 6.28800011 3.000000 3.000000
4.25589991 19.91690063 6.18870020 3.000000 3.000000
4.26859999 20.35140038 6.54069996 3.000000 3.000000
4.30340004 19.14760017 5.53840017 3.000000 3.000000
4.23890018 20.63999939 6.61810017 3.000000 3.000000
4.25120020 19.76160049 6.06260014 3.000000 3.000000
4.30340004 19.25250053 5.61079979 3.000000 3.000000
4.26980019 19.05750084 5.32870007 3.000000 3.000000
4.25159979 20.09930038 6.17229986 3.000000 3.000000
4.30270004 19.11240005 5.45139980 3.000000 3.000000
4.30049992 19.86720085 6.12449980 3.000000 3.000000
4.30450010 18.90029907 5.31939983 3.000000 3.000000
4.24599981 20.07220078 6.15119982 3.000000 3.000000
4.31139994 19.45619965 5.81110001 3.000000 3.000000
4.30019999 19.92910004 6.08589983 3.000000 3.000000
4.31990004 19.49270058 5.84579992 3.000000 3.000000
4.29850006 20.41220093 6.50029993 3.000000 3.000000
4.29220009 19.07799911 5.34549999 3.000000 3.000000
4.24189997 20.62319946 6.60349989 3.000000 3.000000
4.30019999 19.76079941 6.03849983 3.000000 3.000000
4.30289984 19.25909996 5.59490013 3.000000 3.000000
4.32600021 19.56240082 5.73659992 3.000000 3.000000
4.30259991 19.13409996 5.53800011 3.000000 3.000000
4.30319977 19.09169960 5.41239977 3.000000 3.000000
4.29820013 20.36190033 6.46750021 3.000000 3.000000
4.29710007 20.45420074 6.59079981 3.000000 3.000000
4.24499989 18.98430061 5.27250004 3.000000 3.000000
4.29780006 20.35050011 6.44420004 3.000000 3.000000
4.32569981 19.49480057 5.84810019 3.000000 3.000000
4.30380011 18.87260056 5.28060007 3.000000 3.000000
4.23490000 20.47120094 6.63920021 3.000000 3.000000
4.28809977 20.27820015 6.48000002 3.000000 3.000000
4.30149984 19.16559982 5.56939983 3.000000 3.000000
4.30550003 19.52280045 5.79640007 3.000000 3.000000
4.32709980 19.53790092 5.71670008 3.000000 3.000000
4.29809999 19.60149956 5.76819992 3.000000 3.000000
4.24770021 18.99069977 5.28119993 3.000000 3.000000
4.24639988 20.67760086 6.64169979 3.000000 3.000000
4.25790024 20.67659950 6.64130020 3.000000 3.000000
4.24170017 20.66860008 6.63420010 3.000000 3.000000
4.23269987 20.66189957 6.63110018 3.000000 3.000000
4.25299978 20.66790009 6.63369989 3.000000 3.000000
4.23979998 20.64480019 6.63380003 3.000000 3.000000
4.27500010 20.67230034 6.63780022 3.000000 3.000000
4.24350023 20.65550041 6.62440014 3.000000 3.000000
4.27139997 20.66279984 6.63110018 3.000000 3.000000
4.25500011 20.65480042 6.62389994 3.000000 3.000000
4.26119995 20.61219978 6.64289999 3.000000 3.000000
4.28709984 20.66519928 6.63210011 3.000000 3.000000
4.26609993 20.65419960 6.62309980 3.000000 3.000000
4.26100016 20.65130043 6.62099981 3.000000 3.000000
4.24930000 20.64550018 6.61590004 3.000000 3.000000
4.28289986 20.65600014 6.62500000 3.000000 3.000000
4.27780008 20.65320015 6.62279987 3.000000 3.000000
4.27229977 20.65049934 6.62039995 3.000000 3.000000
4.29930019 20.65800095 6.62639999 3.000000 3.000000
4.28399992 20.64959908 6.62010002 3.000000 3.000000
4.26760006 20.64119911 6.61310005 3.000000 3.000000
4.25600004 20.63529968 6.60820007 3.000000 3.000000
4.24919987 20.63220024 6.60510015 3.000000 3.000000
4.23810005 20.62669945 6.60029984 3.000000 3.000000
4.29519987 20.64879990 6.61940002 3.000000 3.000000
4.23820019 20.48200035 6.64489985 3.000000 3.000000
4.26809978 20.62809944 6.60249996 3.000000 3.000000
4.29610014 20.63640022 6.60869980 3.000000 3.000000
4.29160023 20.63319969 6.60710001 3.000000 3.000000
4.27950001 20.62750053 6.60179996 3.000000 3.000000
4.26770020 20.62120056 6.59689999 3.000000 3.000000
4.26149988 20.61849976 6.59410000 3.000000 3.000000
4.24980021 20.61280060 6.58909988 3.000000 3.000000
4.23929977 20.60770035 6.58459997 3.000000 3.000000
4.25969982 20.47949982 6.64300013 3.000000 3.000000
4.24510002 20.47220039 6.63700008 3.000000 3.000000
4.23979998 20.46940041 6.63479996 3.000000 3.000000
4.23500013 20.46610069 6.63320017 3.000000 3.000000
4.28490019 20.62430000 6.59840012 3.000000 3.000000
4.25610018 20.60899925 6.58640003 3.000000 3.000000
4.25570011 20.47109985 6.63590002 3.000000 3.000000
4.31409979 20.63179970 6.60559988 3.000000 3.000000
4.30350018 20.62610054 6.60120010 3.000000 3.000000
4.27969980 20.61409950 6.59110022 3.000000 3.000000
4.29559994 20.53109932 6.63009977 3.000000 3.000000
4.26650000 20.46999931 6.63490009 3.000000 3.000000
4.25719976 20.46459961 6.63129997 3.000000 3.000000
4.25159979 20.46199989 6.62900019 3.000000 3.000000
4.33099985 20.63360023 6.60739994 3.000000 3.000000
4.31430006 20.62570000 6.60010004 3.000000 3.000000
4.30989981 20.62229919 6.59870005 3.000000 3.000000
4.29759979 20.61680031 6.59320021 3.000000 3.000000
4.26819992 20.60180092 6.58080006 3.000000 3.000000
4.26310015 20.59930038 6.57859993 3.000000 3.000000
4.25810003 20.59630013 6.57660007 3.000000 3.000000
4.25180006 20.59390068 6.57369995 3.000000 3.000000
4.26249981 20.46129990 6.62790012 3.000000 3.000000
4.23540020 20.44009972 6.61950016 3.000000 3.000000
4.34189987 20.63299942 6.60640001 3.000000 3.000000
4.33179998 20.62719917 6.60230017 3.000000 3.000000
4.32040024 20.62210083 6.59719992 3.000000 3.000000
4.29160023 20.60689926 6.58529997 3.000000 3.000000
4.26919985 20.59560013 6.57579994 3.000000 3.000000
4.24770021 20.58489990 6.56669998 3.000000 3.000000
4.23729992 20.57979965 6.56230021 3.000000 3.000000
4.29430008 20.47640038 6.63339996 3.000000 3.000000
4.28789997 20.46829987 6.63250017 3.000000 3.000000
4.25199986 20.44910049 6.61819983 3.000000 3.000000
4.31599998 20.61249924 6.59009981 3.000000 3.000000
4.30389977 20.60680008 6.58489990 3.000000 3.000000
4.26389980 20.58659935 6.56809998 3.000000 3.000000
4.25379992 20.58119965 6.56400013 3.000000 3.000000
4.23729992 20.57340050 6.55690002 3.000000 3.000000
4.29720020 20.49399948 6.62099981 3.000000 3.000000
4.27960014 20.45610046 6.62419987 3.000000 3.000000
4.27470016 20.45369911 6.62209988 3.000000 3.000000
4.25129986 20.44280052 6.61229992 3.000000 3.000000
4.33830023 20.61750031 6.59399986 3.000000 3.000000
4.26989985 20.58289909 6.56519985 3.000000 3.000000
4.26529980 20.58049965 6.56330013 3.000000 3.000000
4.25470018 20.57489967 6.55900002 3.000000 3.000000
4.29559994 20.50099945 6.60970020 3.000000 3.000000
4.29650021 20.48810005 6.61479998 3.000000 3.000000
4.29659986 20.48180008 6.61709976 3.000000 3.000000
4.29619980 20.46949959 6.62130022 3.000000 3.000000
4.26399994 20.44160080 6.61240005 3.000000 3.000000
4.25269985 20.43589973 6.60780001 3.000000 3.000000
4.34969997 20.61660004 6.59340000 3.000000 3.000000
4.34439993 20.61389923 6.59110022 3.000000 3.000000
4.30980015 20.59600067 6.57670021 3.000000 3.000000
4.30369997 20.59329987 6.57390022 3.000000 3.000000
4.28700018 20.58489990 6.56689978 3.000000 3.000000
4.28189993 20.58200073 6.56489992 3.000000 3.000000
4.27150011 20.57679939 6.56059980 3.000000 3.000000
4.26560020 20.57399940 6.55800009 3.000000 3.000000
4.29629993 20.49480057 6.60449982 3.000000 3.000000
4.29680014 20.47509956 6.61180019 3.000000 3.000000
4.29720020 20.46899986 6.61429977 3.000000 3.000000
4.27040005 20.43759918 6.60979986 3.000000 3.000000
4.24109983 20.42359924 6.59759998 3.000000 3.000000
4.36189985 20.61540031 6.59329987 3.000000 3.000000
4.35540009 20.61330032 6.59009981 3.000000 3.000000
4.35050011 20.61030006 6.58830023 3.000000 3.000000
4.34520006 20.60740089 6.58599997 3.000000 3.000000
4.33960009 20.60470009 6.58360004 3.000000 3.000000
4.32250023 20.59569931 6.57660007 3.000000 3.000000
4.28779984 20.57839966 6.56199980 3.000000 3.000000
4.28149986 20.57600021 6.55910015 3.000000 3.000000
4.27720022 20.57329941 6.55749989 3.000000 3.000000
4.26119995 20.56529999 6.55079985 3.000000 3.000000
4.25059986 20.55990028 6.54640007 3.000000 3.000000
4.24440002 20.55750084 6.54360008 3.000000 3.000000
4.23530006 20.55139923 6.54029989 3.000000 3.000000
4.27580023 20.43420029 6.60640001 3.000000 3.000000
4.25269985 20.42250061 6.59700012 3.000000 3.000000
4.24700022 20.41990089 6.59469986 3.000000 3.000000
4.35690022 20.60650063 6.58559990 3.000000 3.000000
4.34539986 20.60129929 6.58050013 3.000000 3.000000
4.32219982 20.58860016 6.57110023 3.000000 3.000000
4.31099987 20.58300018 6.56640005 3.000000 3.000000
4.25649977 20.55629921 6.54349995 3.000000 3.000000
4.27549982 20.42760086 6.60080004 3.000000 3.000000
4.25299978 20.41609955 6.59180021 3.000000 3.000000
4.35160017 20.59760094 6.57770014 3.000000 3.000000
4.29969978 20.57130051 6.55600023 3.000000 3.000000
4.28919983 20.56599998 6.55170012 3.000000 3.000000
4.28350019 20.56320000 6.54930019 3.000000 3.000000
4.24660015 20.54450035 6.53399992 3.000000 3.000000
4.26410007 20.41530037 6.59070015 3.000000 3.000000
4.35230017 20.59090042 6.57270002 3.000000 3.000000
4.34609985 20.58790016 6.57000017 3.000000 3.000000
4.30539989 20.56780052 6.55289984 3.000000 3.000000
4.30030012 20.56459999 6.55100012 3.000000 3.000000
4.27920008 20.55430031 6.54209995 3.000000 3.000000
4.29619980 20.46999931 6.58209991 3.000000 3.000000
4.29400015 20.42930031 6.59539986 3.000000 3.000000
4.29110003 20.42469978 6.59530020 3.000000 3.000000
4.26989985 20.41160011 6.58769989 3.000000 3.000000
4.26420021 20.40900040 6.58529997 3.000000 3.000000
4.34049988 20.57769966 6.56239986 3.000000 3.000000
4.32870007 20.57239914 6.55730009 3.000000 3.000000
4.32259989 20.56909943 6.55480003 3.000000 3.000000
4.31739998 20.56660080 6.55259991 3.000000 3.000000
4.30620003 20.56100082 6.54799986 3.000000 3.000000
4.24179983 20.52980042 6.52099991 3.000000 3.000000
4.29650021 20.42779922 6.58960009 3.000000 3.000000
4.27589989 20.40780067 6.58470011 3.000000 3.000000
4.32849979 20.56559944 6.55179977 3.000000 3.000000
4.30119991 20.55240059 6.54029989 3.000000 3.000000
4.29640007 20.54960060 6.53849983 3.000000 3.000000
4.27479982 20.53899956 6.52950001 3.000000 3.000000
4.26910019 20.53630066 6.52710009 3.000000 3.000000
4.25850010 20.53109932 6.52269983 3.000000 3.000000
4.29479980 20.41550064 6.58519983 3.000000 3.000000
4.32940006 20.55940056 6.54680014 3.000000 3.000000
4.32369995 20.55690002 6.54419994 3.000000 3.000000
4.31799984 20.55389977 6.54199982 3.000000 3.000000
4.31360006 20.55130005 6.54020023 3.000000 3.000000
4.30760002 20.54859924 6.53770018 3.000000 3.000000
4.30259991 20.54590034 6.53569984 3.000000 3.000000
4.29740000 20.54330063 6.53350019 3.000000 3.000000
4.28039980 20.53560066 6.52619982 3.000000 3.000000
4.27489996 20.53280067 6.52400017 3.000000 3.000000
4.25400019 20.52219963 6.51550007 3.000000 3.000000
4.24300003 20.51670074 6.51100016 3.000000 3.000000
4.29699993 20.43409920 6.57200003 3.000000 3.000000
4.29790020 20.42709923 6.57499981 3.000000 3.000000
4.29740000 20.42090034 6.57700014 3.000000 3.000000
4.32410002 20.55030060 6.53900003 3.000000 3.000000
4.30830002 20.54249954 6.53249979 3.000000 3.000000
4.29269981 20.53429985 6.52619982 3.000000 3.000000
4.25419998 20.51589966 6.51009989 3.000000 3.000000
4.29729986 20.43400002 6.56440020 3.000000 3.000000
4.35809994 20.56069946 6.54769993 3.000000 3.000000
4.34130001 20.55229950 6.54069996 3.000000 3.000000
4.31430006 20.53879929 6.52950001 3.000000 3.000000
4.28230000 20.52260017 6.51650000 3.000000 3.000000
4.27159977 20.51709938 6.51219988 3.000000 3.000000
4.24879980 20.50650024 6.50260019 3.000000 3.000000
4.24380016 20.50390053 6.50059986 3.000000 3.000000
4.23579979 20.49640083 6.49860001 3.000000 3.000000
4.33669996 20.54260063 6.53359985 3.000000 3.000000
4.32579994 20.53759956 6.52899981 3.000000 3.000000
4.27159977 20.51140022 6.50649977 3.000000 3.000000
4.26070023 20.50569916 6.50220013 3.000000 3.000000
4.24989986 20.50009918 6.49790001 3.000000 3.000000
4.24429989 20.49740028 6.49560022 3.000000 3.000000
4.35370016 20.54479980 6.53509998 3.000000 3.000000
4.29939985 20.51779938 6.51280022 3.000000 3.000000
4.25619984 20.49620056 6.49520016 3.000000 3.000000
4.35379982 19.51189995 5.69600010 3.000000 3.000000
4.32749987 20.52499962 6.51889992 3.000000 3.000000
4.31659985 20.51969910 6.51440001 3.000000 3.000000
4.29460001 20.50889969 6.50530005 3.000000 3.000000
4.26560020 20.49620056 6.49289989 3.000000 3.000000
4.34980011 20.52949905 6.52260017 3.000000 3.000000
4.32730007 20.51860046 6.51319981 3.000000 3.000000
4.30089998 20.50510025 6.50260019 3.000000 3.000000
4.29600000 20.50219917 6.50080013 3.000000 3.000000
4.34989977 20.52300072 6.51719999 3.000000 3.000000
4.30109978 20.49900055 6.49720001 3.000000 3.000000
4.31829977 20.50060081 6.49889994 3.000000 3.000000
4.35710001 20.51280022 6.50939989 3.000000 3.000000
4.35150003 20.51040077 6.50689983 3.000000 3.000000
4.34560013 20.50740051 6.50460005 3.000000 3.000000
4.35690022 20.50720024 6.50349998 3.000000 3.000000
4.31050014 19.49620056 5.84140015 3.000000 3.000000
4.27570009 18.85910034 5.33139992 3.000000 3.000000
4.30679989 19.48979950 5.82999992 3.000000 3.000000
4.30730009 19.57029915 5.89629984 3.000000 3.000000
4.29930019 19.90789986 6.10930014 3.000000 3.000000
4.30800009 19.48520088 5.82779980 3.000000 3.000000
4.25290012 20.19300079 6.41039991 3.000000 3.000000
4.31689978 19.05170059 5.32429981 3.000000 3.000000
4.27050018 20.43210030 6.44199991 3.000000 3.000000
4.24359989 20.40839958 6.58570004 3.000000 3.000000
4.30039978 19.82270050 6.08069992 3.000000 3.000000
4.29920006 20.03289986 6.23360014 3.000000 3.000000
4.29689980 19.24510002 5.63969994 3.000000 3.000000
4.29629993 19.55760002 5.73269987 3.000000 3.000000
4.30389977 18.96509933 5.38899994 3.000000 3.000000
4.24329996 19.19560051 5.44309998 3.000000 3.000000
4.28760004 20.28330040 6.48390007 3.000000 3.000000
4.30389977 18.95800018 5.37340021 3.000000 3.000000
4.30359983 18.93330002 5.31120014 3.000000 3.000000
4.33379984 19.50839996 5.85820007 3.000000 3.000000
4.28779984 20.58919907 6.57690001 3.000000 3.000000
4.29740000 20.48310089 6.60699987 3.000000 3.000000
4.30539989 19.56660080 5.84000015 3.000000 3.000000
4.26100016 18.95779991 5.41050005 3.000000 3.000000
4.30089998 19.84770012 6.09049988 3.000000 3.000000
4.29960012 19.93600082 6.12769985 3.000000 3.000000
4.30210018 19.34480095 5.64359999 3.000000 3.000000
4.29740000 20.46059990 6.56699991 3.000000 3.000000
4.28490019 19.06520081 5.49870014 3.000000 3.000000
4.29960012 20.08639908 6.22860003 3.000000 3.000000
4.29990005 19.96430016 6.17950010 3.000000 3.000000
4.30329990 19.07830048 5.42799997 3.000000 3.000000
4.29750013 20.53050041 6.58680010 3.000000 3.000000
4.28630018 19.22450066 5.62699986 3.000000 3.000000
4.30520010 19.58679962 5.88999987 3.000000 3.000000
4.25810003 19.40430069 5.60979986 3.000000 3.000000
4.29729986 20.59950066 6.63920021 3.000000 3.000000
4.30310011 19.10510063 5.45149994 3.000000 3.000000
4.26420021 19.57799911 5.74959993 3.000000 3.000000
4.30579996 19.53890038 5.80690002 3.000000 3.000000
4.32299995 19.98760033 6.08339977 3.000000 3.000000
4.27650023 20.22699928 6.43889999 3.000000 3.000000
4.29930019 20.09250069 6.26259995 3.000000 3.000000
4.28520012 20.48509979 6.48559999 3.000000 3.000000
4.25500011 20.48089981 6.64489985 3.000000 3.000000
4.33970022 19.45350075 5.64849997 3.000000 3.000000
4.30200005 19.33720016 5.62750006 3.000000 3.000000
4.30910015 19.44589996 5.79769993 3.000000 3.000000
4.24620008 20.43470001 6.44339991 3.000000 3.000000
4.30249977 20.60250092 6.58890009 3.000000 3.000000
4.30009985 20.66250038 6.63539982 3.000000 3.000000
4.25089979 20.67340088 6.63969994 3.000000 3.000000
4.30229998 19.29170036 5.60300016 3.000000 3.000000
4.30560017 19.55439949 5.82380009 3.000000 3.000000
4.25960016 20.66819954 6.63840008 3.000000 3.000000
4.32880020 19.50110054 5.68720007 3.000000 3.000000
4.29290009 20.44370079 6.60890007 3.000000 3.000000
4.30550003 19.48999977 5.77510023 3.000000 3.000000
4.28840017 20.43790054 6.60869980 3.000000 3.000000
4.28170013 20.41790009 6.59549999 3.000000 3.000000
4.30289984 19.17869949 5.52279997 3.000000 3.000000
4.30970001 19.47699928 5.82420015 3.000000 3.000000
4.29059982 19.17849922 5.58860016 3.000000 3.000000
4.30410004 18.93930054 5.29589987 3.000000 3.000000
4.36560011 19.44479942 5.80359983 3.000000 3.000000
4.30889988 19.59799957 5.92220020 3.000000 3.000000
4.30280018 18.87269974 5.32660007 3.000000 3.000000
4.30070019 19.80879974 6.08020020 3.000000 3.000000
4.30670023 19.50180054 5.83960009 3.000000 3.000000
4.36469984 19.54319954 5.72079992 3.000000 3.000000
4.29990005 19.90800095 6.14300013 3.000000 3.000000
4.29909992 20.12080002 6.24749994 3.000000 3.000000
4.29979992 20.01919937 6.19939995 3.000000 3.000000
4.30970001 19.46039963 5.65430021 3.000000 3.000000
4.30590010 19.45059967 5.75199986 3.000000 3.000000
4.23769999 20.45280075 6.45979977 3.000000 3.000000
4.28340006 20.45380020 6.45979977 3.000000 3.000000
4.30579996 19.53879929 5.77589989 3.000000 3.000000
4.29949999 19.97179985 6.21330023 3.000000 3.000000
4.30319977 19.19169998 5.51510000 3.000000 3.000000
4.32709980 19.59530067 5.92649984 3.000000 3.000000
4.29909992 20.27499962 6.45620012 3.000000 3.000000
4.30009985 19.84020042 6.03459978 3.000000 3.000000
4.30350018 18.94580078 5.38100004 3.000000 3.000000
4.30009985 19.93600082 6.11119986 3.000000 3.000000
4.28749990 20.28849983 6.48789978 3.000000 3.000000
4.29930019 20.06669998 6.28639984 3.000000 3.000000
4.29740000 20.54420090 6.62510014 3.000000 3.000000
4.29269981 20.39360046 6.56829977 3.000000 3.000000
4.30030012 19.90800095 6.09320021 3.000000 3.000000
4.29020023 20.01059914 6.26149988 3.000000 3.000000
4.30630016 19.53019905 5.77930021 3.000000 3.000000
4.30509996 19.53499985 5.84380007 3.000000 3.000000
4.30259991 19.24510002 5.53910017 3.000000 3.000000
4.29750013 19.99099922 6.23869991 3.000000 3.000000
4.32329988 19.14089966 5.39739990 3.000000 3.000000
4.24170017 20.18959999 6.40740013 3.000000 3.000000
4.30539989 19.57880020 5.83090019 3.000000 3.000000
4.26200008 19.48180008 5.67049980 3.000000 3.000000
4.29920006 20.11269951 6.23859978 3.000000 3.000000
4.25059986 19.16410065 5.57919979 3.000000 3.000000
4.30630016 19.48180008 5.78469992 3.000000 3.000000
4.31260014 19.93740082 6.04250002 3.000000 3.000000
4.30429983 18.89299965 5.28840017 3.000000 3.000000
4.26739979 19.86969948 6.15019989 3.000000 3.000000
4.25790024 18.87919998 5.34740019 3.000000 3.000000
4.30340004 19.04439926 5.42789984 3.000000 3.000000
4.29790020 20.44400024 6.59040022 3.000000 3.000000
4.30249977 19.29809952 5.64300013 3.000000 3.000000
4.30329990 19.12739944 5.50670004 3.000000 3.000000
4.29729986 18.88619995 5.34759998 3.000000 3.000000
4.25600004 19.90270042 6.01389980 3.000000 3.000000
4.33729982 19.52720070 5.87340021 3.000000 3.000000
4.29419994 19.85989952 6.13780022 3.000000 3.000000
4.30329990 19.19770050 5.51520014 3.000000 3.000000
4.29790020 20.44420052 6.51809978 3.000000 3.000000
4.30359983 19.49029922 5.67869997 3.000000 3.000000
4.29890013 19.85390091 6.12309980 3.000000 3.000000
4.29790020 19.72970009 6.02339983 3.000000 3.000000
4.29979992 19.95700073 6.13730001 3.000000 3.000000
4.26560020 20.14179993 6.20709991 3.000000 3.000000
4.29960012 19.97839928 6.13829994 3.000000 3.000000
4.30369997 19.03210068 5.42019987 3.000000 3.000000
4.28259993 18.82570076 5.30340004 3.000000 3.000000
4.29949999 20.05920029 6.21850014 3.000000 3.000000
4.29979992 19.98480034 6.13040018 3.000000 3.000000
4.30310011 19.25239944 5.54729986 3.000000 3.000000
4.29930019 19.92900085 6.12709999 3.000000 3.000000
4.31920004 19.52499962 5.70690012 3.000000 3.000000
4.30049992 19.77370071 6.02069998 3.000000 3.000000
4.29860020 19.23819923 5.63250017 3.000000 3.000000
4.36649990 20.51659966 6.51119995 3.000000 3.000000
4.27290010 20.12330055 6.19259977 3.000000 3.000000
4.26000023 20.63319969 6.60529995 3.000000 3.000000
4.32810020 19.45770073 5.65210009 3.000000 3.000000
4.36539984 20.50239944 6.49970007 3.000000 3.000000
4.36770010 20.49500084 6.49399996 3.000000 3.000000
4.36310005 19.44499969 5.64099979 3.000000 3.000000
4.24949980 19.18330002 5.43779993 3.000000 3.000000
4.36210012 20.49189949 6.48379993 3.000000 3.000000
4.36399984 20.48480034 6.48519993 3.000000 3.000000
4.36670017 20.48110008 6.48220015 3.000000 3.000000
4.36019993 20.46859932 6.46910000 3.000000 3.000000
4.36210012 20.45969963 6.46530008 3.000000 3.000000
4.36759996 20.45590019 6.46220016 3.000000 3.000000
4.36450005 20.45269966 6.45919991 3.000000 3.000000
4.35879993 20.45059967 6.45499992 3.000000 3.000000
4.36399984 20.44560051 6.45340014 3.000000 3.000000
4.35830021 20.44359970 6.44920015 3.000000 3.000000
4.36630011 20.43810081 6.44789982 3.000000 3.000000
4.30259991 19.31049919 5.64319992 3.000000 3.000000
4.36320019 20.43510056 6.44460011 3.000000 3.000000
4.36819983 20.43120003 6.44169998 3.000000 3.000000
4.37060022 20.42329979 6.44379997 3.000000 3.000000
4.36259985 20.42790031 6.43889999 3.000000 3.000000
4.36759996 20.42370033 6.43629980 3.000000 3.000000
4.35939980 20.42440033 6.43629980 3.000000 3.000000
4.36210012 20.42090034 6.43310022 3.000000 3.000000
4.36999989 20.41570091 6.43149996 3.000000 3.000000
4.35860014 20.41390038 6.42749977 3.000000 3.000000
4.36929989 20.40570068 6.42199993 3.000000 3.000000
4.35799980 20.40679932 6.42180014 3.000000 3.000000
4.36549997 20.39570045 6.41289997 3.000000 3.000000
4.35720015 20.39599991 6.41340017 3.000000 3.000000
4.36280012 20.39209938 6.41039991 3.000000 3.000000
4.37039995 20.38139915 6.41520023 3.000000 3.000000
4.36499977 20.38839912 6.40740013 3.000000 3.000000
4.28700018 19.59329987 5.76170015 3.000000 3.000000
4.36770010 20.38450050 6.40460014 3.000000 3.000000
4.36420012 20.37759972 6.39890003 3.000000 3.000000
4.36980009 20.37299919 6.39669991 3.000000 3.000000
4.35850000 20.37450027 6.39599991 3.000000 3.000000
4.36639977 20.36680031 6.39020014 3.000000 3.000000
4.36089993 20.36730003 6.39010000 3.000000 3.000000
4.30369997 19.07220078 5.47520018 3.000000 3.000000
4.35470009 20.36420059 6.38730001 3.000000 3.000000
4.36280012 20.35980034 6.38460016 3.000000 3.000000
4.36560011 20.35630035 6.38129997 3.000000 3.000000
4.35139990 20.35659981 6.38229990 3.000000 3.000000
4.36829996 20.35230064 6.37869978 3.000000 3.000000
4.35389996 20.35330009 6.37890005 3.000000 3.000000
4.36509991 20.34880066 6.37599993 3.000000 3.000000
4.35960007 20.34959984 6.37570000 3.000000 3.000000
4.35069990 20.34639931 6.37309980 3.000000 3.000000
4.36119986 20.33880043 6.36700010 3.000000 3.000000
4.35279989 20.33919907 6.36730003 3.000000 3.000000
4.36679983 20.33119965 6.36119986 3.000000 3.000000
4.35820007 20.33149910 6.36159992 3.000000 3.000000
4.35220003 20.33200073 6.36170006 3.000000 3.000000
4.36880016 20.32399940 6.35540009 3.000000 3.000000
4.36329985 20.32449913 6.35519981 3.000000 3.000000
4.35769987 20.32480049 6.35550022 3.000000 3.000000
4.36600018 20.32069969 6.35239983 3.000000 3.000000
4.35990000 20.32089996 6.35279989 3.000000 3.000000
4.35440016 20.32150078 6.35249996 3.000000 3.000000
4.34870005 20.32130051 6.35330009 3.000000 3.000000
4.35710001 20.31730080 6.35010004 3.000000 3.000000
4.35109997 20.31780052 6.35010004 3.000000 3.000000
4.25680017 20.37129974 6.55649996 3.000000 3.000000
4.35939980 20.31399918 6.34670019 3.000000 3.000000
4.35389996 20.31410027 6.34709978 3.000000 3.000000
4.36520004 20.31010056 6.34369993 3.000000 3.000000
4.35890007 20.30699921 6.34079981 3.000000 3.000000
4.36170006 20.30330086 6.33790016 3.000000 3.000000
4.35610008 20.30340004 6.33820009 3.000000 3.000000
4.36700010 20.29899979 6.33529997 3.000000 3.000000
4.35279989 20.29999924 6.33549976 3.000000 3.000000
4.34709978 20.30039978 6.33549976 3.000000 3.000000
4.36980009 20.29560089 6.33209991 3.000000 3.000000
4.35550022 20.29630089 6.33249998 3.000000 3.000000
4.34950018 20.29669952 6.33260012 3.000000 3.000000
4.36089993 20.29249954 6.32940006 3.000000 3.000000
4.35220003 20.29260063 6.32999992 3.000000 3.000000
4.36920023 20.28829956 6.32649994 3.000000 3.000000
4.36600018 20.28490067 6.32369995 3.000000 3.000000
4.35720015 20.28549957 6.32380009 3.000000 3.000000
4.35169983 20.28590012 6.32380009 3.000000 3.000000
4.34590006 20.28610039 6.32420015 3.000000 3.000000
4.35440016 20.28179932 6.32130003 3.000000 3.000000
4.34840012 20.28230095 6.32130003 3.000000 3.000000
4.36850023 20.27790070 6.31759977 3.000000 3.000000
4.35979986 20.27799988 6.31820011 3.000000 3.000000
4.36520004 20.27440071 6.31489992 3.000000 3.000000
4.35640001 20.27449989 6.31549978 3.000000 3.000000
4.34779978 20.27510071 6.31559992 3.000000 3.000000
4.35930014 20.27109909 6.31220007 3.000000 3.000000
4.35589981 20.26790047 6.30919981 3.000000 3.000000
4.35879993 20.26390076 6.30649996 3.000000 3.000000
4.34700012 20.26460075 6.30679989 3.000000 3.000000
4.35279989 20.26040077 6.30410004 3.000000 3.000000
4.36689997 20.25650024 6.30030012 3.000000 3.000000
4.34639978 20.25729942 6.30119991 3.000000 3.000000
4.36100006 20.25320053 6.29759979 3.000000 3.000000
4.35230017 20.25340080 6.29820013 3.000000 3.000000
4.36339998 20.24930000 6.29500008 3.000000 3.000000
4.34899998 20.25040054 6.29500008 3.000000 3.000000
4.36880016 20.24500084 6.29239988 3.000000 3.000000
4.35750008 20.24620056 6.29199982 3.000000 3.000000
4.36289978 20.24259949 6.28870010 3.000000 3.000000
4.35400009 20.24300003 6.28900003 3.000000 3.000000
4.36829996 20.23870087 6.28569984 3.000000 3.000000
4.34810019 20.23940086 6.28669977 3.000000 3.000000
4.36240005 20.23520088 6.28329992 3.000000 3.000000
4.35349989 20.23550034 6.28369999 3.000000 3.000000
4.36780024 20.23110008 6.28039980 3.000000 3.000000
4.35640001 20.23200035 6.28049994 3.000000 3.000000
4.35290003 20.22850037 6.27780008 3.000000 3.000000
4.34730005 20.22850037 6.27820015 3.000000 3.000000
4.36730003 20.22439957 6.27419996 3.000000 3.000000
4.36159992 20.22419930 6.27489996 3.000000 3.000000
4.36110020 20.21739960 6.26879978 3.000000 3.000000
4.36390018 20.21409988 6.26539993 3.000000 3.000000
4.35190010 20.21459961 6.26590014 3.000000 3.000000
4.35480022 20.21059990 6.26319981 3.000000 3.000000
4.36910009 20.20610046 6.26009989 3.000000 3.000000
4.35760021 20.20700073 6.26009989 3.000000 3.000000
4.36310005 20.20299911 6.25719976 3.000000 3.000000
4.35109997 20.20389938 6.25729990 3.000000 3.000000
4.28999996 19.54450035 5.72149992 3.000000 3.000000
4.35680008 20.19619942 6.25150013 3.000000 3.000000
4.36229992 20.19249916 6.24840021 3.000000 3.000000
4.35349989 20.19269943 6.24879980 3.000000 3.000000
4.36789989 20.18840027 6.24560022 3.000000 3.000000
4.34999990 20.18939972 6.24590015 3.000000 3.000000
4.35580015 20.18199921 6.23999977 3.000000 3.000000
4.34950018 20.18239975 6.24009991 3.000000 3.000000
4.37039995 20.17749977 6.23689985 3.000000 3.000000
4.36129999 20.17840004 6.23659992 3.000000 3.000000
4.35519981 20.17490005 6.23409986 3.000000 3.000000
4.36990023 20.17040062 6.23110008 3.000000 3.000000
4.36350012 20.17099953 6.23089981 3.000000 3.000000
4.36639977 20.16710091 6.22819996 3.000000 3.000000
4.35739994 20.16760063 6.22830009 3.000000 3.000000
4.36019993 20.16390038 6.22539997 3.000000 3.000000
4.35139990 20.16440010 6.22550011 3.000000 3.000000
4.35690022 20.16040039 6.22259998 3.000000 3.000000
4.36240005 20.15629959 6.21990013 3.000000 3.000000
4.35340023 20.15010071 6.21379995 3.000000 3.000000
4.36159992 20.14539909 6.21140003 3.000000 3.000000
4.35589981 20.14640045 6.21080017 3.000000 3.000000
4.36789989 20.14189911 6.20800018 3.000000 3.000000
4.36409998 20.13520050 6.20200014 3.000000 3.000000
4.35820007 20.13540077 6.20219994 3.000000 3.000000
4.36709976 20.13129997 6.19920015 3.000000 3.000000
4.36059999 20.13159943 6.19939995 3.000000 3.000000
4.35480022 20.13179970 6.19960022 3.000000 3.000000
4.36339998 20.12450027 6.19320011 3.000000 3.000000
4.35739994 20.12459946 6.19369984 3.000000 3.000000
4.35410023 20.12140083 6.19059992 3.000000 3.000000
4.35960007 20.11720085 6.18790007 3.000000 3.000000
4.36259985 20.11359978 6.18480015 3.000000 3.000000
4.35669994 20.11409950 6.18470001 3.000000 3.000000
4.36560011 20.10960007 6.18219995 3.000000 3.000000
4.35909986 20.11030006 6.18190002 3.000000 3.000000
4.36490011 20.09930038 6.17299986 3.000000 3.000000
4.36439991 20.09239960 6.16699982 3.000000 3.000000
4.35780001 20.09199905 6.16790009 3.000000 3.000000
4.36079979 20.08880043 6.16429996 3.000000 3.000000
4.36639977 20.08469963 6.16149998 3.000000 3.000000
4.29990005 20.05299950 6.26889992 3.000000 3.000000
4.36990023 20.08110046 6.15840006 3.000000 3.000000
4.35710001 20.08180046 6.15869999 3.000000 3.000000
4.36590004 20.07760048 6.15570021 3.000000 3.000000
4.36000013 20.07760048 6.15619993 3.000000 3.000000
4.36940002 20.07390022 6.15269995 3.000000 3.000000
4.36310005 20.07419968 6.15280008 3.000000 3.000000
4.36889982 20.06660080 6.14699984 3.000000 3.000000
4.36259985 20.06719971 6.14680004 3.000000 3.000000
4.37150002 20.05859947 6.14190006 3.000000 3.000000
4.36210012 20.05990028 6.14120007 3.000000 3.000000
4.37109995 20.05179977 6.13570023 3.000000 3.000000
4.36770010 20.04890060 6.13229990 3.000000 3.000000
4.36140013 20.04899979 6.13269997 3.000000 3.000000
4.36369991 20.04549980 6.12949991 3.000000 3.000000
4.36719990 20.04199982 6.12629986 3.000000 3.000000
4.30639982 19.99909973 6.09270000 3.000000 3.000000
4.36520004 20.01320076 6.10319996 3.000000 3.000000
4.36469984 20.00600052 6.09740019 3.000000 3.000000
4.36770010 20.00230026 6.09439993 3.000000 3.000000
4.36420012 19.99869919 6.09180021 3.000000 3.000000
4.36649990 19.98439980 6.07989979 3.000000 3.000000
4.36940002 19.97690010 6.07420015 3.000000 3.000000
4.36889982 19.96960068 6.06839991 3.000000 3.000000
4.36840010 19.96199989 6.06300020 3.000000 3.000000
4.36770010 19.95159912 6.05389977 3.000000 3.000000
4.36999989 19.93359947 6.03910017 3.000000 3.000000
4.36880016 19.91539955 6.02479982 3.000000 3.000000
4.29729986 20.54140091 6.61000013 3.000000 3.000000
4.31199980 19.51230049 5.85720015 3.000000 3.000000
4.24230003 20.15229988 6.22149992 3.000000 3.000000
4.30240011 18.82909966 5.28809977 3.000000 3.000000
4.27629995 19.79929924 6.09289980 3.000000 3.000000
4.30249977 19.28520012 5.58710003 3.000000 3.000000
4.26599979 20.24040031 6.44980001 3.000000 3.000000
4.27580023 20.21549988 6.42929983 3.000000 3.000000
4.28630018 20.65550041 6.62909985 3.000000 3.000000
4.30329990 19.17270088 5.47559977 3.000000 3.000000
4.29799986 20.52039909 6.58620024 3.000000 3.000000
4.30459976 19.59539986 5.88660002 3.000000 3.000000
4.25430012 18.85919952 5.33050013 3.000000 3.000000
4.29559994 19.46960068 5.66099977 3.000000 3.000000
4.30009985 20.04619980 6.26009989 3.000000 3.000000
4.27489996 20.64690018 6.61639977 3.000000 3.000000
4.29570007 20.30960083 6.49569988 3.000000 3.000000
4.29600000 20.27129936 6.46549988 3.000000 3.000000
4.36590004 20.66040039 6.63570023 3.000000 3.000000
4.29979992 19.97179985 6.19659996 3.000000 3.000000
4.30259991 19.22500038 5.57049990 3.000000 3.000000
4.25729990 19.07099915 5.33930016 3.000000 3.000000
4.30319977 19.07209969 5.44360018 3.000000 3.000000
4.29460001 20.59889984 6.62020016 3.000000 3.000000
4.30520010 19.58300018 5.87629986 3.000000 3.000000
4.29680014 20.51860046 6.64260006 3.000000 3.000000
4.30600023 19.45400047 5.72209978 3.000000 3.000000
4.29820013 20.36190033 6.48180008 3.000000 3.000000
4.30319977 19.19179916 5.57040024 3.000000 3.000000
4.30149984 18.95190048 5.39580011 3.000000 3.000000
4.34350014 19.43729973 5.80000019 3.000000 3.000000
4.25640011 20.40810013 6.58620024 3.000000 3.000000
4.29769993 20.00480080 6.24800014 3.000000 3.000000
4.27510023 20.00169945 6.09450006 3.000000 3.000000
4.24410009 20.35510063 6.54250002 3.000000 3.000000
4.29890013 20.08639908 6.27050018 3.000000 3.000000
4.34410000 19.55949974 5.73460007 3.000000 3.000000
4.33160019 19.52109909 5.86980009 3.000000 3.000000
4.29580021 20.38039970 6.55240011 3.000000 3.000000
4.36530018 19.45179939 5.64720011 3.000000 3.000000
4.36940002 19.47780037 5.66909981 3.000000 3.000000
4.30560017 19.53039932 5.76749992 3.000000 3.000000
4.29769993 20.47789955 6.59560013 3.000000 3.000000
4.30149984 19.75970078 6.02880001 3.000000 3.000000
4.30280018 19.19770050 5.53079987 3.000000 3.000000
4.30359983 19.19179916 5.55469990 3.000000 3.000000
4.26940012 19.57200050 5.74410009 3.000000 3.000000
4.33559990 19.45890045 5.65290022 3.000000 3.000000
4.30359983 19.23819923 5.56320000 3.000000 3.000000
4.33050013 19.48880005 5.84270000 3.000000 3.000000
4.30429983 18.95800018 5.38920021 3.000000 3.000000
4.25649977 20.39139938 6.57259989 3.000000 3.000000
4.30009985 19.79470062 6.02969980 3.000000 3.000000
4.30030012 19.83539963 6.07299995 3.000000 3.000000
4.24609995 20.01899910 6.11469984 3.000000 3.000000
4.30270004 19.25900078 5.54729986 3.000000 3.000000
4.29979992 19.87969971 6.05830002 3.000000 3.000000
4.27519989 20.56629944 6.55830002 3.000000 3.000000
4.30579996 19.47430038 5.80779982 3.000000 3.000000
4.24289989 20.41550064 6.59289980 3.000000 3.000000
4.30369997 18.85269928 5.30380011 3.000000 3.000000
4.33059978 20.03680038 6.12319994 3.000000 3.000000
4.29820013 18.97150040 5.41790009 3.000000 3.000000
4.24660015 19.22890091 5.46829987 3.000000 3.000000
4.25029993 19.90900040 6.02799988 3.000000 3.000000
4.30319977 19.07830048 5.39669991 3.000000 3.000000
4.30350018 19.19169998 5.50740004 3.000000 3.000000
4.27890015 19.95459938 6.21890020 3.000000 3.000000
4.29460001 19.59440041 5.76259995 3.000000 3.000000
4.29780006 20.45000076 6.56599998 3.000000 3.000000
4.30380011 18.99150085 5.41239977 3.000000 3.000000
4.29790020 20.42840004 6.51999998 3.000000 3.000000
4.24650002 19.06450081 5.49830008 3.000000 3.000000
4.29920006 19.91480064 6.12629986 3.000000 3.000000
4.30070019 19.96439934 6.18830013 3.000000 3.000000
4.30329990 19.24510002 5.55530024 3.000000 3.000000
4.25379992 20.46279907 6.63759995 3.000000 3.000000
4.30399990 19.01129913 5.34229994 3.000000 3.000000
4.32429981 19.46299934 5.65630007 3.000000 3.000000
4.25619984 20.14730072 6.21120024 3.000000 3.000000
4.30350018 18.99860001 5.42789984 3.000000 3.000000
4.31589985 20.62019920 6.60360003 3.000000 3.000000
4.29839993 20.32449913 6.45240021 3.000000 3.000000
4.30100012 19.86059952 6.11609983 3.000000 3.000000
4.24989986 20.15340042 6.21689987 3.000000 3.000000
4.27159977 20.45630074 6.46169996 3.000000 3.000000
4.31220007 20.58469963 6.57329988 3.000000 3.000000
4.30009985 19.00440025 5.44210005 3.000000 3.000000
4.24130011 20.63689995 6.61329985 3.000000 3.000000
4.24730015 19.17119980 5.58580017 3.000000 3.000000
4.32310009 19.23880005 5.47669983 3.000000 3.000000
4.36439991 19.52020073 5.70249987 3.000000 3.000000
4.30019999 19.82889938 6.07259989 3.000000 3.000000
4.30620003 19.51840019 5.78849983 3.000000 3.000000
4.30270004 19.24519920 5.58659983 3.000000 3.000000
4.34730005 19.49839973 5.68499994 3.000000 3.000000
4.29949999 20.16799927 6.28469992 3.000000 3.000000
4.30389977 19.03219986 5.42810011 3.000000 3.000000
4.30369997 19.05830002 5.43590021 3.000000 3.000000
4.30249977 19.25239944 5.57079983 3.000000 3.000000
4.27129984 19.49040031 5.67819977 3.000000 3.000000
4.31389999 19.20490074 5.44890022 3.000000 3.000000
4.30219984 19.33049965 5.59560013 3.000000 3.000000
4.31029987 19.59329987 5.91970015 3.000000 3.000000
4.30520010 19.53079987 5.82380009 3.000000 3.000000
4.29790020 20.52569962 6.62699986 3.000000 3.000000
4.29710007 20.00449944 6.09689999 3.000000 3.000000
4.29780006 20.42329979 6.54470015 3.000000 3.000000
4.29949999 19.99850082 6.21479988 3.000000 3.000000
4.29300022 19.20999908 5.61380005 3.000000 3.000000
4.27139997 20.08860016 6.16459990 3.000000 3.000000
4.30009985 19.80170059 6.07140017 3.000000 3.000000
4.30649996 19.51849937 5.85069990 3.000000 3.000000
4.30530024 19.52300072 5.82149982 3.000000 3.000000
4.31610012 19.48990059 5.84159994 3.000000 3.000000
4.30369997 18.94580078 5.37340021 3.000000 3.000000
4.26170015 20.47330093 6.47629976 3.000000 3.000000
4.29829979 20.33930016 6.50670004 3.000000 3.000000
4.27260017 19.85110092 6.13509989 3.000000 3.000000
4.30289984 18.84399986 5.28980017 3.000000 3.000000
4.29960012 19.87969971 6.07480001 3.000000 3.000000
4.31820011 20.19799995 6.25369978 3.000000 3.000000
4.24440002 19.05050087 5.32630014 3.000000 3.000000
4.33540010 19.52720070 5.70769978 3.000000 3.000000
4.29909992 18.93950081 5.38710022 3.000000 3.000000
4.30340004 19.27219963 5.55560017 3.000000 3.000000
4.30380011 18.95170021 5.31120014 3.000000 3.000000
4.30019999 19.89349937 6.07579994 3.000000 3.000000
4.29790020 18.99150085 5.43340015 3.000000 3.000000
4.29759979 19.16550064 5.57569981 3.000000 3.000000
4.30030012 19.80870056 6.05520010 3.000000 3.000000
4.24300003 20.28230095 6.48269987 3.000000 3.000000
4.29930019 20.09250069 6.23729992 3.000000 3.000000
4.30380011 19.15959930 5.46789980 3.000000 3.000000
4.29939985 19.97839928 6.12150002 3.000000 3.000000
4.29670000 20.58180046 6.64219999 3.000000 3.000000
4.27699995 19.77799988 6.07569981 3.000000 3.000000
4.30060005 19.18499947 5.47459984 3.000000 3.000000
4.30509996 19.48229980 5.81050014 3.000000 3.000000
4.30030012 19.79470062 6.01319981 3.000000 3.000000
4.30009985 20.09959984 6.24660015 3.000000 3.000000
4.29939985 20.12089920 6.23920012 3.000000 3.000000
4.30359983 19.09180069 5.48299980 3.000000 3.000000
4.29920006 20.00499916 6.24030018 3.000000 3.000000
4.30609989 19.49309921 5.75080013 3.000000 3.000000
4.30319977 19.33720016 5.60410023 3.000000 3.000000
4.29349995 19.09779930 5.36170006 3.000000 3.000000
4.30179977 18.99130058 5.31809998 3.000000 3.000000
4.30189991 19.52759933 5.70819998 3.000000 3.000000
4.30380011 19.01129913 5.38110018 3.000000 3.000000
4.32100010 19.44540024 5.80700016 3.000000 3.000000
4.31790018 20.67239952 6.63990021 3.000000 3.000000
4.29720020 20.45429993 6.56909990 3.000000 3.000000
4.30389977 18.99860001 5.39680004 3.000000 3.000000
4.30340004 19.05820084 5.39669991 3.000000 3.000000
4.27920008 20.26729965 6.47270012 3.000000 3.000000
4.29850006 20.32999992 6.45669985 3.000000 3.000000
4.29839993 20.39489937 6.48659992 3.000000 3.000000
4.29790020 20.57069969 6.61920023 3.000000 3.000000
4.32350016 19.02510071 5.30350018 3.000000 3.000000
4.30039978 19.89349937 6.05929995 3.000000 3.000000
4.31990004 19.59370041 5.92519999 3.000000 3.000000
4.29969978 20.57320023 6.56389999 3.000000 3.000000
4.24779987 19.15239906 5.57009983 3.000000 3.000000
4.28760004 18.88619995 5.35150003 3.000000 3.000000
4.30329990 19.26539993 5.58720016 3.000000 3.000000
4.29710007 20.51289940 6.57969999 3.000000 3.000000
4.30520010 19.53100014 5.85519981 3.000000 3.000000
4.30579996 19.58620071 5.81400013 3.000000 3.000000
4.29809999 19.84749985 6.12239981 3.000000 3.000000
4.29279995 20.47150040 6.63140011 3.000000 3.000000
4.29799986 20.38829994 6.52409983 3.000000 3.000000
4.29960012 20.03289986 6.17490005 3.000000 3.000000
4.30550003 19.51869965 5.81400013 3.000000 3.000000
4.30420017 19.05839920 5.46740007 3.000000 3.000000
4.30539989 19.56660080 5.84619999 3.000000 3.000000
4.31239986 20.11450005 6.18620014 3.000000 3.000000
4.27220011 20.46820068 6.47149992 3.000000 3.000000
4.29580021 20.46960068 6.47270012 3.000000 3.000000
4.30289984 19.06529999 5.38870001 3.000000 3.000000
4.25579977 20.29820061 6.49669981 3.000000 3.000000
4.28660011 19.48060036 5.67049980 3.000000 3.000000
4.34000015 20.56870079 6.55550003 3.000000 3.000000
4.30000019 19.97859955 6.18870020 3.000000 3.000000
4.29920006 20.00489998 6.22349977 3.000000 3.000000
4.24319983 20.39669991 6.57579994 3.000000 3.000000
4.27470016 19.58639908 5.75649977 3.000000 3.000000
4.26609993 20.07489967 6.15280008 3.000000 3.000000
4.29969978 19.90800095 6.15129995 3.000000 3.000000
4.24520016 19.04330063 5.31879997 3.000000 3.000000
4.28779984 20.65239906 6.62190008 3.000000 3.000000
4.26210022 19.89629936 6.00820017 3.000000 3.000000
4.32590008 19.49399948 5.68139982 3.000000 3.000000
4.30509996 19.52700043 5.83529997 3.000000 3.000000
4.32369995 19.48629951 5.67500019 3.000000 3.000000
4.30730009 20.46739960 6.47079992 3.000000 3.000000
4.29899979 20.15349960 6.28340006 3.000000 3.000000
4.24889994 18.84639931 5.32070017 3.000000 3.000000
4.29969978 20.02599907 6.19969988 3.000000 3.000000
4.25229979 19.27000046 5.51039982 3.000000 3.000000
4.31769991 19.46150017 5.65479994 3.000000 3.000000
4.30620003 19.48180008 5.79090023 3.000000 3.000000
4.29879999 20.11269951 6.26370001 3.000000 3.000000
4.24779987 19.90870094 6.01849985 3.000000 3.000000
4.29949999 19.77359962 6.06150007 3.000000 3.000000
4.29879999 19.78730011 6.07000017 3.000000 3.000000
4.29799986 20.53709984 6.62160015 3.000000 3.000000
4.30810022 19.23119926 5.47039986 3.000000 3.000000
4.30070019 19.77370071 6.03730011 3.000000 3.000000
4.29320002 19.81489944 6.10179996 3.000000 3.000000
4.30410004 18.95789909 5.31909990 3.000000 3.000000
4.26900005 20.31469917 6.51130009 3.000000 3.000000
4.23479986 20.45949936 6.62939978 3.000000 3.000000
4.28950024 19.25169945 5.48649979 3.000000 3.000000
4.34280014 19.42600060 5.79129982 3.000000 3.000000
4.29689980 20.51619911 6.63089991 3.000000 3.000000
4.25070000 19.10379982 5.37550020 3.000000 3.000000
4.33930016 20.61140060 6.58850002 3.000000 3.000000
4.30380011 18.91320038 5.31129980 3.000000 3.000000
4.30459976 18.87899971 5.32730007 3.000000 3.000000
4.25180006 20.17659950 6.39669991 3.000000 3.000000
4.30530024 19.47789955 5.66809988 3.000000 3.000000
4.30350018 19.12739944 5.53049994 3.000000 3.000000
4.30270004 19.27849960 5.59499979 3.000000 3.000000
4.29759979 20.54420090 6.63390017 3.000000 3.000000
4.30560017 19.51449966 5.80649996 3.000000 3.000000
4.29729986 20.47130013 6.56099987 3.000000 3.000000
4.30310011 19.01129913 5.37309980 3.000000 3.000000
4.30569983 19.53899956 5.81330013 3.000000 3.000000
4.24480009 18.87299919 5.34210014 3.000000 3.000000
4.27869987 20.63960075 6.61019993 3.000000 3.000000
4.30550003 19.60339928 5.83790016 3.000000 3.000000
4.30579996 19.59460068 5.82259989 3.000000 3.000000
4.24289989 20.11910057 6.19439983 3.000000 3.000000
4.28009987 20.47820091 6.64359999 3.000000 3.000000
4.29829979 20.05279922 6.28499985 3.000000 3.000000
4.30329990 18.94560051 5.28779984 3.000000 3.000000
4.30039978 19.87319946 6.04169989 3.000000 3.000000
4.36870003 19.51460075 5.69770002 3.000000 3.000000
4.30289984 19.06539917 5.40430021 3.000000 3.000000
4.24590015 19.26289940 5.49970007 3.000000 3.000000
4.28679991 20.46369934 6.62939978 3.000000 3.000000
4.29850006 19.05139923 5.36350012 3.000000 3.000000
4.30840015 19.52980042 5.86499977 3.000000 3.000000
4.30999994 19.44930077 5.80410004 3.000000 3.000000
4.30000019 19.80859947 6.03849983 3.000000 3.000000
4.27159977 19.07789993 5.50890017 3.000000 3.000000
4.30310011 19.09819984 5.45930004 3.000000 3.000000
4.33580017 19.55509949 5.89529991 3.000000 3.000000
4.30329990 19.25250053 5.62669992 3.000000 3.000000
4.30329990 19.16550064 5.48339987 3.000000 3.000000
4.29799986 20.42340088 6.55210018 3.000000 3.000000
4.31540012 19.51519966 5.86170006 3.000000 3.000000
4.30109978 19.84199905 6.09859991 3.000000 3.000000
4.29920006 19.76630020 6.05280018 3.000000 3.000000
4.30049992 19.87330055 6.05830002 3.000000 3.000000
4.30009985 19.82889938 6.04769993 3.000000 3.000000
4.25990009 20.45240021 6.45870018 3.000000 3.000000
4.24319983 20.37450027 6.55770016 3.000000 3.000000
4.35349989 19.12840080 5.38600016 3.000000 3.000000
4.26070023 19.84350014 6.12900019 3.000000 3.000000
4.24270010 19.21509933 5.45870018 3.000000 3.000000
4.27720022 20.23250008 6.44369984 3.000000 3.000000
4.34999990 19.51729965 5.70020008 3.000000 3.000000
4.30310011 19.18519974 5.53079987 3.000000 3.000000
4.24359989 19.94300079 6.05130005 3.000000 3.000000
4.37099981 19.45380020 5.64949989 3.000000 3.000000
4.30359983 19.03199959 5.35769987 3.000000 3.000000
4.29710007 20.46590042 6.57830000 3.000000 3.000000
4.30270004 19.23800087 5.47609997 3.000000 3.000000
4.29640007 19.92860031 6.07579994 3.000000 3.000000
4.30089998 19.80170059 6.06339979 3.000000 3.000000
4.25570011 20.30369949 6.50110006 3.000000 3.000000
4.29839993 20.35680008 6.52069998 3.000000 3.000000
4.30319977 19.23830032 5.61850023 3.000000 3.000000
4.29829979 20.31279945 6.47139978 3.000000 3.000000
4.29979992 19.98489952 6.18900013 3.000000 3.000000
4.29839993 20.05920029 6.28550005 3.000000 3.000000
4.30359983 19.14049911 5.46759987 3.000000 3.000000
4.30049992 19.78019905 6.00439978 3.000000 3.000000
4.30270004 19.28520012 5.61899996 3.000000 3.000000
