4.29419994 21.95019913 6.11520004 3.000000 3.000000
4.29190016 22.31870079 6.41009998 3.000000 3.000000
4.29479980 21.97340012 6.08459997 3.000000 3.000000
4.29670000 22.29109955 6.28270006 3.000000 3.000000
4.29360008 22.00270081 6.09700012 3.000000 3.000000
4.29230022 22.25779915 6.26739979 3.000000 3.000000
4.29279995 22.20450020 6.28499985 3.000000 3.000000
4.29549980 22.59569931 6.52220011 3.000000 3.000000
4.29290009 22.24279976 6.25640011 3.000000 3.000000
4.29659986 21.42090034 5.64419985 3.000000 3.000000
4.29430008 21.98030090 6.05959988 3.000000 3.000000
4.29370022 22.03879929 6.14569998 3.000000 3.000000
4.29610014 22.50889969 6.45569992 3.000000 3.000000
4.28579998 22.32410049 6.42609978 3.000000 3.000000
4.29269981 22.24279976 6.30900002 3.000000 3.000000
4.29129982 22.34989929 6.37979984 3.000000 3.000000
4.31549978 21.78919983 6.01189995 3.000000 3.000000
4.26809978 21.77050018 5.99749994 3.000000 3.000000
4.28649998 21.76650047 5.99429989 3.000000 3.000000
4.31290007 21.76199913 5.99049997 3.000000 3.000000
4.31659985 21.73390007 5.96829987 3.000000 3.000000
4.33039999 21.73220062 5.96670008 3.000000 3.000000
4.33570004 21.73369980 5.96710014 3.000000 3.000000
4.30100012 21.70949936 5.94920015 3.000000 3.000000
4.30649996 21.71209908 5.95020008 3.000000 3.000000
4.31360006 21.70779991 5.94759989 3.000000 3.000000
4.29759979 21.68619919 5.92990017 3.000000 3.000000
4.31020021 21.68449974 5.92829990 3.000000 3.000000
4.33020020 21.67849922 5.92420006 3.000000 3.000000
4.30819988 21.65640068 5.90670013 3.000000 3.000000
4.31379986 21.65789986 5.90710020 3.000000 3.000000
4.32079983 21.65469933 5.90509987 3.000000 3.000000
4.33389997 21.65089989 5.90240002 3.000000 3.000000
4.30929995 21.62330055 5.87939978 3.000000 3.000000
4.28700018 21.63520050 5.88959980 3.000000 3.000000
4.29360008 21.63279915 5.88800001 3.000000 3.000000
4.32439995 21.62779999 5.88380003 3.000000 3.000000
4.33739996 21.62459946 5.88140011 3.000000 3.000000
4.29720020 21.60720062 5.86740017 3.000000 3.000000
4.30310011 21.60619926 5.86660004 3.000000 3.000000
4.30849981 21.60630035 5.86630011 3.000000 3.000000
4.31669998 21.57010078 5.83720016 3.000000 3.000000
4.30089998 21.58040047 5.84619999 3.000000 3.000000
4.31909990 21.57690048 5.84340000 3.000000 3.000000
4.32390022 21.51790047 5.79580021 3.000000 3.000000
4.31939983 21.52759933 5.80369997 3.000000 3.000000
4.33839989 21.52429962 5.80100012 3.000000 3.000000
4.32280016 21.50259972 5.78359985 3.000000 3.000000
4.34530020 21.47340012 5.76039982 3.000000 3.000000
4.34219980 21.44899940 5.74100018 3.000000 3.000000
4.31549978 21.43079948 5.72620010 3.000000 3.000000
4.34549999 21.42460060 5.72139978 3.000000 3.000000
4.31909990 21.40539932 5.70609999 3.000000 3.000000
4.34439993 21.36899948 5.67659998 3.000000 3.000000
4.34770012 21.34460068 5.65710020 3.000000 3.000000
4.32590008 21.35650063 5.66690016 3.000000 3.000000
4.35029984 21.34830093 5.66149998 3.000000 3.000000
4.35570002 21.34980011 5.66200018 3.000000 3.000000
4.35890007 21.32609940 5.64279985 3.000000 3.000000
4.36210012 21.30249977 5.62379980 3.000000 3.000000
4.34579992 21.25679970 5.58799982 3.000000 3.000000
4.33580017 21.64229965 5.73570013 3.000000 3.000000
4.33309984 21.61730003 5.71630001 3.000000 3.000000
4.33909988 21.61809921 5.71640015 3.000000 3.000000
4.32929993 21.59740067 5.69939995 3.000000 3.000000
4.35279989 21.56920052 5.67719984 3.000000 3.000000
4.32170010 21.54310036 5.65630007 3.000000 3.000000
4.32700014 21.52459908 5.64239979 3.000000 3.000000
4.35179996 21.52289963 5.64020014 3.000000 3.000000
4.35480022 21.50009918 5.62179995 3.000000 3.000000
4.32679987 21.47949982 5.60610008 3.000000 3.000000
4.32439995 21.45739937 5.58839989 3.000000 3.000000
4.32980013 21.45700073 5.58790016 3.000000 3.000000
4.33620024 21.41069984 5.55100012 3.000000 3.000000
4.34819984 21.41029930 5.55019999 3.000000 3.000000
4.36110020 21.40859985 5.54869986 3.000000 3.000000
4.34380007 21.38260078 5.52769995 3.000000 3.000000
4.33389997 21.38909912 5.53369999 3.000000 3.000000
4.34229994 21.36599922 5.51510000 3.000000 3.000000
4.34899998 21.36389923 5.51380014 3.000000 3.000000
4.35449982 21.36409950 5.51359987 3.000000 3.000000
4.35010004 21.33690071 5.49139977 3.000000 3.000000
4.35190010 21.34219933 5.49620008 3.000000 3.000000
4.34630013 21.29879951 5.46180010 3.000000 3.000000
4.36509991 21.22789955 5.40409994 3.000000 3.000000
4.29239988 22.23530006 6.29879999 3.000000 3.000000
4.29129982 22.06959915 6.09759998 3.000000 3.000000
4.25729990 22.72039986 6.60470009 3.000000 3.000000
4.29239988 22.31150055 6.32060003 3.000000 3.000000
4.29409981 21.99550056 6.09619999 3.000000 3.000000
4.29740000 21.37890053 5.62340021 3.000000 3.000000
4.29460001 21.96590042 6.04050016 3.000000 3.000000
4.29379988 22.01040077 6.08109999 3.000000 3.000000
4.29549980 22.53750038 6.50059986 3.000000 3.000000
4.29209995 22.35029984 6.40689993 3.000000 3.000000
4.29150009 22.35790062 6.41690016 3.000000 3.000000
4.29640007 22.36129951 6.33120012 3.000000 3.000000
4.29150009 22.38159943 6.40329981 3.000000 3.000000
4.29500008 22.59630013 6.55329990 3.000000 3.000000
4.29449987 21.95849991 6.10799980 3.000000 3.000000
4.23789978 22.05010033 6.05450010 3.000000 3.000000
4.29689980 21.37109947 5.64690018 3.000000 3.000000
4.29250002 22.28019905 6.37709999 3.000000 3.000000
4.29150009 22.31119919 6.29360008 3.000000 3.000000
4.29489994 22.60280037 6.54129982 3.000000 3.000000
4.36100006 22.73520088 6.59999990 3.000000 3.000000
4.29710007 21.34230042 5.61929989 3.000000 3.000000
4.29390001 22.06240082 6.13219976 3.000000 3.000000
4.29479980 22.60300064 6.55679989 3.000000 3.000000
4.29559994 22.54470062 6.48129988 3.000000 3.000000
4.29309988 22.16020012 6.26030016 3.000000 3.000000
4.29460001 22.66270065 6.60270023 3.000000 3.000000
4.24009991 22.03520012 6.04460001 3.000000 3.000000
4.29619980 22.45120049 6.41970015 3.000000 3.000000
4.29670000 22.40299988 6.38829994 3.000000 3.000000
4.29180002 22.37409973 6.41989994 3.000000 3.000000
4.29390001 21.98030090 6.11100006 3.000000 3.000000
4.29239988 22.26530075 6.35680008 3.000000 3.000000
4.29370022 21.98749924 6.05189991 3.000000 3.000000
4.29610014 22.47170067 6.46740007 3.000000 3.000000
4.29540014 22.58880043 6.54930019 3.000000 3.000000
4.29470015 22.66979980 6.59849977 3.000000 3.000000
4.29580021 22.53030014 6.48169994 3.000000 3.000000
4.29500008 22.63990021 6.57539988 3.000000 3.000000
4.35360003 22.71999931 6.58799982 3.000000 3.000000
4.29430008 22.00289917 6.12319994 3.000000 3.000000
4.29290009 22.21199989 6.29510021 3.000000 3.000000
4.29479980 22.58149910 6.52299976 3.000000 3.000000
4.29379988 21.98749924 6.03480005 3.000000 3.000000
4.27139997 22.26460075 6.38250017 3.000000 3.000000
4.29470015 21.97330093 6.06739998 3.000000 3.000000
4.29409981 21.95829964 6.03060007 3.000000 3.000000
4.29470015 22.61009979 6.55280018 3.000000 3.000000
4.29269981 22.28030014 6.28889990 3.000000 3.000000
4.29559994 21.89789963 6.06519985 3.000000 3.000000
4.29559994 22.55220032 6.50019979 3.000000 3.000000
4.29489994 21.97340012 6.12760019 3.000000 3.000000
4.26429987 22.31559944 6.42360020 3.000000 3.000000
4.29449987 21.95840073 6.02229977 3.000000 3.000000
4.29489994 22.56049919 6.51999998 3.000000 3.000000
4.29279995 22.31909943 6.40170002 3.000000 3.000000
4.29250002 22.24270058 6.29129982 3.000000 3.000000
4.29250002 22.31889915 6.32180023 3.000000 3.000000
4.29430008 21.95019913 6.01249981 3.000000 3.000000
4.29349995 22.01029968 6.11530018 3.000000 3.000000
4.29360008 22.03170013 6.12729979 3.000000 3.000000
4.29390001 22.00270081 6.05420017 3.000000 3.000000
4.29379988 22.04649925 6.10379982 3.000000 3.000000
4.29670000 21.48069954 5.63469982 3.000000 3.000000
4.29440022 22.62520027 6.59130001 3.000000 3.000000
4.29449987 21.88990021 6.05499983 3.000000 3.000000
4.29260015 22.18140030 6.29860020 3.000000 3.000000
4.29160023 22.36599922 6.34730005 3.000000 3.000000
4.29320002 22.35860062 6.43559980 3.000000 3.000000
4.29309988 22.38339996 6.43620014 3.000000 3.000000
4.29370022 22.31110001 6.38759995 3.000000 3.000000
4.29330015 22.23789978 6.33820009 3.000000 3.000000
4.29239988 22.34269905 6.39839983 3.000000 3.000000
4.29360008 22.22069931 6.31669998 3.000000 3.000000
4.29269981 22.36280060 6.40199995 3.000000 3.000000
4.29209995 22.34169960 6.38759995 3.000000 3.000000
4.29300022 22.32620049 6.37750006 3.000000 3.000000
4.29360008 22.16340065 6.26840019 3.000000 3.000000
4.29449987 22.14839935 6.25850010 3.000000 3.000000
4.29279995 22.32559967 6.36689997 3.000000 3.000000
4.29309988 22.23670006 6.30740023 3.000000 3.000000
4.29360008 22.18370056 6.27209997 3.000000 3.000000
4.29440022 22.14789963 6.24830008 3.000000 3.000000
4.29239988 22.52029991 6.48740005 3.000000 3.000000
4.29220009 22.34169960 6.36749983 3.000000 3.000000
4.29250002 22.28840065 6.33190012 3.000000 3.000000
4.29269981 22.25370026 6.30870008 3.000000 3.000000
4.29390001 22.22089958 6.28709984 3.000000 3.000000
4.29339981 22.18289948 6.26160002 3.000000 3.000000
4.29239988 22.52000046 6.47700024 3.000000 3.000000
4.29279995 22.38139915 6.38420010 3.000000 3.000000
4.29250002 22.28820038 6.32180023 3.000000 3.000000
4.29290009 22.19910049 6.26230001 3.000000 3.000000
4.29230022 22.51959991 6.46649981 3.000000 3.000000
4.29250002 22.46170044 6.42780018 3.000000 3.000000
4.29239988 22.41909981 6.39919996 3.000000 3.000000
4.29300022 22.39959908 6.38640022 3.000000 3.000000
4.29290009 22.32509995 6.33650017 3.000000 3.000000
4.29330015 22.30900002 6.32590008 3.000000 3.000000
4.29370022 22.21980095 6.26650000 3.000000 3.000000
4.29530001 21.81069946 5.99520016 3.000000 3.000000
4.29470015 21.76379967 5.96400023 3.000000 3.000000
4.29250002 22.41920090 6.38920021 3.000000 3.000000
4.29220009 22.34110069 6.33699989 3.000000 3.000000
4.29320002 22.23609924 6.26730013 3.000000 3.000000
4.29370022 22.21960068 6.25640011 3.000000 3.000000
4.29360008 22.18289948 6.23199987 3.000000 3.000000
4.29519987 21.81019974 5.98540020 3.000000 3.000000
4.29199982 22.47940063 6.41919994 3.000000 3.000000
4.29190016 22.45960045 6.40590000 3.000000 3.000000
4.29440022 22.18479919 6.22370005 3.000000 3.000000
4.29489994 21.74909973 5.93559980 3.000000 3.000000
4.29540014 21.71699905 5.91459990 3.000000 3.000000
4.29589987 21.67020035 5.88390017 3.000000 3.000000
4.29349995 22.23649979 6.24790001 3.000000 3.000000
4.29500008 21.82559967 5.97660017 3.000000 3.000000
4.29500008 21.74909973 5.92630005 3.000000 3.000000
4.29570007 21.63809967 5.85349989 3.000000 3.000000
4.29650021 21.59269905 5.82399988 3.000000 3.000000
4.29220009 22.32259941 6.29479980 3.000000 3.000000
4.29209995 22.28619957 6.27059984 3.000000 3.000000
4.29360008 22.27359962 6.26259995 3.000000 3.000000
4.29339981 22.23609924 6.23780012 3.000000 3.000000
4.29500008 21.82530022 5.96700001 3.000000 3.000000
4.29489994 21.80890083 5.95620012 3.000000 3.000000
4.29540014 21.79500008 5.94719982 3.000000 3.000000
4.29479980 21.74839973 5.91639996 3.000000 3.000000
4.29600000 21.67000008 5.86520004 3.000000 3.000000
4.29519987 21.51129913 5.76109982 3.000000 3.000000
4.29530001 21.84449959 5.97030020 3.000000 3.000000
4.29510021 21.82539940 5.95760012 3.000000 3.000000
4.29549980 21.79490089 5.93769979 3.000000 3.000000
4.29600000 21.70109940 5.87629986 3.000000 3.000000
4.29540014 21.62039948 5.82340002 3.000000 3.000000
4.29629993 21.55929947 5.78369999 3.000000 3.000000
4.29659986 21.54529953 5.77460003 3.000000 3.000000
4.29559994 21.51189995 5.75260019 3.000000 3.000000
4.29689980 21.48340034 5.73430014 3.000000 3.000000
4.29680014 21.47060013 5.72599983 3.000000 3.000000
4.29670000 21.45459938 5.71549988 3.000000 3.000000
4.29489994 21.91239929 6.00519991 3.000000 3.000000
4.29479980 21.80820084 5.93680000 3.000000 3.000000
4.29519987 21.79420090 5.92780018 3.000000 3.000000
4.29470015 21.76289940 5.90719986 3.000000 3.000000
4.29549980 21.73320007 5.88800001 3.000000 3.000000
4.29629993 21.59160042 5.79570007 3.000000 3.000000
4.29600000 21.57430077 5.78429985 3.000000 3.000000
4.29619980 21.52700043 5.75349998 3.000000 3.000000
4.29549980 21.51149940 5.74319983 3.000000 3.000000
4.29619980 21.43820000 5.69570017 3.000000 3.000000
4.29659986 21.42329979 5.68610001 3.000000 3.000000
4.29629993 21.40629959 5.67490005 3.000000 3.000000
4.29580021 21.37509918 5.65450001 3.000000 3.000000
4.29619980 21.36050034 5.64519978 3.000000 3.000000
4.29470015 21.92790031 6.00589991 3.000000 3.000000
4.29470015 21.89520073 5.98439980 3.000000 3.000000
4.29519987 21.86079979 5.96210003 3.000000 3.000000
4.29489994 21.82460022 5.93830013 3.000000 3.000000
4.29500008 21.74819946 5.88829994 3.000000 3.000000
4.29549980 21.60370064 5.79419994 3.000000 3.000000
4.29629993 21.59160042 5.78649998 3.000000 3.000000
4.29559994 21.51149940 5.73420000 3.000000 3.000000
4.29600000 21.43759918 5.68620014 3.000000 3.000000
4.29699993 21.34760094 5.62809992 3.000000 3.000000
4.29689980 21.33189964 5.61789989 3.000000 3.000000
4.29460001 21.92760086 5.99620008 3.000000 3.000000
4.29510021 21.91250038 5.98640013 3.000000 3.000000
4.29460001 21.87660027 5.96280003 3.000000 3.000000
4.29489994 21.80820084 5.91820002 3.000000 3.000000
4.29500008 21.74819946 5.87900019 3.000000 3.000000
4.29519987 21.73209953 5.86859989 3.000000 3.000000
4.29519987 21.71540070 5.85760021 3.000000 3.000000
4.29530001 21.65340042 5.81720018 3.000000 3.000000
4.29589987 21.57379913 5.76569986 3.000000 3.000000
4.29640007 21.55890083 5.75610018 3.000000 3.000000
4.29689980 21.48290062 5.70690012 3.000000 3.000000
4.29670000 21.45409966 5.68809986 3.000000 3.000000
4.29670000 21.31579971 5.59859991 3.000000 3.000000
4.29689980 21.25749969 5.56090021 3.000000 3.000000
4.29470015 21.87669945 5.95340014 3.000000 3.000000
4.29510021 21.77799988 5.88910007 3.000000 3.000000
4.29489994 21.76269913 5.87909985 3.000000 3.000000
4.29500008 21.74790001 5.86950016 3.000000 3.000000
4.29559994 21.68160057 5.82649994 3.000000 3.000000
4.29580021 21.63730049 5.79769993 3.000000 3.000000
4.29629993 21.55859947 5.74679995 3.000000 3.000000
4.29670000 21.54479980 5.73789978 3.000000 3.000000
4.29650021 21.40629959 5.64809990 3.000000 3.000000
4.29600000 21.37529945 5.62799978 3.000000 3.000000
4.29689980 21.34709930 5.61000013 3.000000 3.000000
4.29689980 21.31590080 5.58990002 3.000000 3.000000
4.29650021 21.28529930 5.57000017 3.000000 3.000000
4.29710007 21.25790024 5.55259991 3.000000 3.000000
4.29769993 21.20319939 5.51739979 3.000000 3.000000
4.29680014 21.18700027 5.50680017 3.000000 3.000000
4.29470015 21.91119957 5.96649981 3.000000 3.000000
4.29479980 21.87680054 5.94409990 3.000000 3.000000
4.29519987 21.80859947 5.89979982 3.000000 3.000000
4.29519987 21.79350090 5.88990021 3.000000 3.000000
4.29580021 21.68199921 5.81759977 3.000000 3.000000
4.29600000 21.66900063 5.80919981 3.000000 3.000000
4.29519987 21.65279961 5.79850006 3.000000 3.000000
4.29580021 21.52560043 5.71619987 3.000000 3.000000
4.29629993 21.49600029 5.69719982 3.000000 3.000000
4.29670000 21.45380020 5.67000008 3.000000 3.000000
4.29619980 21.43759918 5.65939999 3.000000 3.000000
4.29610014 21.39179993 5.62979984 3.000000 3.000000
4.29670000 21.31529999 5.58059978 3.000000 3.000000
4.29670000 21.30019951 5.57089996 3.000000 3.000000
4.29740000 21.27330017 5.55380011 3.000000 3.000000
4.29729986 21.23100090 5.52650023 3.000000 3.000000
4.29430008 21.85790062 5.92220020 3.000000 3.000000
4.29470015 21.84199905 5.91200018 3.000000 3.000000
4.29540014 21.79380035 5.88089991 3.000000 3.000000
4.29570007 21.68149948 5.80810022 3.000000 3.000000
4.29580021 21.52549934 5.70709991 3.000000 3.000000
4.29650021 21.49640083 5.68839979 3.000000 3.000000
4.29670000 21.45350075 5.66079998 3.000000 3.000000
4.29659986 21.36070061 5.60090017 3.000000 3.000000
4.29729986 21.34779930 5.59289980 3.000000 3.000000
4.29650021 21.29969978 5.56169987 3.000000 3.000000
4.29680014 21.17200089 5.47970009 3.000000 3.000000
4.29759979 21.11569977 5.44390011 3.000000 3.000000
4.29460001 21.76149940 5.85039997 3.000000 3.000000
4.29629993 21.66939926 5.79110003 3.000000 3.000000
4.29610014 21.63730049 5.77040005 3.000000 3.000000
4.29549980 21.60289955 5.74800014 3.000000 3.000000
4.29640007 21.55830002 5.71939993 3.000000 3.000000
4.29580021 21.43630028 5.64050007 3.000000 3.000000
4.29619980 21.37509918 5.60120010 3.000000 3.000000
4.29680014 21.36090088 5.59229994 3.000000 3.000000
4.29680014 21.33090019 5.57299995 3.000000 3.000000
4.29740000 21.23089981 5.50899982 3.000000 3.000000
4.29710007 21.21489906 5.49870014 3.000000 3.000000
4.29740000 21.15839958 5.46260023 3.000000 3.000000
4.29750013 21.13039970 5.44469976 3.000000 3.000000
4.29759979 21.11569977 5.43529987 3.000000 3.000000
4.29750013 21.10050011 5.42560005 3.000000 3.000000
4.29670000 21.54420090 5.70130014 3.000000 3.000000
4.29680014 21.49670029 5.67070007 3.000000 3.000000
4.29699993 21.48220062 5.66139984 3.000000 3.000000
4.29670000 21.45319939 5.64270020 3.000000 3.000000
4.29659986 21.40589905 5.61229992 3.000000 3.000000
4.29720020 21.34709930 5.57469988 3.000000 3.000000
4.29670000 21.31500053 5.55399990 3.000000 3.000000
4.29769993 21.20249939 5.48220015 3.000000 3.000000
4.29710007 21.18700027 5.47209978 3.000000 3.000000
4.29659986 21.17140007 5.46199989 3.000000 3.000000
4.29750013 21.15859985 5.45410013 3.000000 3.000000
4.29600000 21.63680077 5.75169992 3.000000 3.000000
4.29610014 21.62059975 5.74130011 3.000000 3.000000
4.29600000 21.60370064 5.73040009 3.000000 3.000000
4.29670000 21.59119987 5.72249985 3.000000 3.000000
4.29670000 21.55870056 5.70160007 3.000000 3.000000
4.29689980 21.40649986 5.60379982 3.000000 3.000000
4.29680014 21.36059952 5.57439995 3.000000 3.000000
4.29720020 21.34700012 5.56580019 3.000000 3.000000
4.29699993 21.33119965 5.55560017 3.000000 3.000000
4.29720020 21.18709946 5.46350002 3.000000 3.000000
4.29759979 21.11540031 5.41790009 3.000000 3.000000
4.29670000 21.54389954 5.68300009 3.000000 3.000000
4.29710007 21.46969986 5.63560009 3.000000 3.000000
4.29640007 21.37509918 5.57469988 3.000000 3.000000
4.29750013 21.34740067 5.55730009 3.000000 3.000000
4.29699993 21.33090019 5.54659986 3.000000 3.000000
4.29729986 21.23030090 5.48250008 3.000000 3.000000
4.29759979 21.20199966 5.46449995 3.000000 3.000000
4.29689980 21.17169952 5.44500017 3.000000 3.000000
4.29729986 21.12949944 5.41820002 3.000000 3.000000
4.29589987 21.52470016 5.66149998 3.000000 3.000000
4.29610014 21.51129913 5.65290022 3.000000 3.000000
4.29680014 21.45299911 5.61579990 3.000000 3.000000
4.29699993 21.36090088 5.55700016 3.000000 3.000000
4.29740000 21.34729958 5.54839993 3.000000 3.000000
4.29659986 21.28450012 5.50810003 3.000000 3.000000
4.29729986 21.27219963 5.50050020 3.000000 3.000000
4.29710007 21.24370003 5.48220015 3.000000 3.000000
4.29750013 21.20179939 5.45569992 3.000000 3.000000
4.29740000 21.15789986 5.42780018 3.000000 3.000000
4.29629993 21.43659973 5.59630013 3.000000 3.000000
4.29670000 21.37560081 5.55740023 3.000000 3.000000
4.29710007 21.36100006 5.54820013 3.000000 3.000000
4.29740000 21.25729942 5.48229980 3.000000 3.000000
4.29750013 21.24449921 5.47410011 3.000000 3.000000
4.29750013 21.23040009 5.46519995 3.000000 3.000000
4.29780006 21.20229912 5.44740009 3.000000 3.000000
4.29650021 21.28400040 5.49030018 3.000000 3.000000
4.29799986 21.20249939 5.43900013 3.000000 3.000000
4.29720020 21.29999924 5.49200010 3.000000 3.000000
4.29670000 21.28420067 5.48169994 3.000000 3.000000
4.29750013 21.23010063 5.44770002 3.000000 3.000000
4.29790020 21.20219994 5.43009996 3.000000 3.000000
4.29780006 21.18759918 5.42080021 3.000000 3.000000
4.29759979 21.27219963 5.46570015 3.000000 3.000000
4.29759979 21.24419975 5.44799995 3.000000 3.000000
4.29549980 22.54479980 6.48899984 3.000000 3.000000
4.29220009 22.31150055 6.40010023 3.000000 3.000000
4.29740000 21.38619995 5.63240004 3.000000 3.000000
4.29619980 22.45750046 6.43030024 3.000000 3.000000
4.29650021 22.34670067 6.32410002 3.000000 3.000000
4.28950024 22.36520004 6.45289993 3.000000 3.000000
4.29519987 21.93639946 6.08780003 3.000000 3.000000
4.29449987 21.93619919 6.10459995 3.000000 3.000000
4.29689980 22.67569923 6.60820007 3.000000 3.000000
4.29230022 22.31150055 6.30289984 3.000000 3.000000
4.29409981 21.98030090 6.09390020 3.000000 3.000000
4.29300022 22.30349922 6.38129997 3.000000 3.000000
4.29570007 22.47200012 6.42259979 3.000000 3.000000
4.29419994 21.92790031 6.05189991 3.000000 3.000000
4.29120016 22.01650047 6.05520010 3.000000 3.000000
4.29559994 22.55220032 6.49270010 3.000000 3.000000
4.29390001 21.96570015 6.04869986 3.000000 3.000000
4.29290009 21.91290092 6.09189987 3.000000 3.000000
4.29510021 22.58110046 6.50740004 3.000000 3.000000
4.29500008 22.63990021 6.56769991 3.000000 3.000000
4.29440022 21.95840073 6.08209991 3.000000 3.000000
4.29239988 22.33480072 6.39540005 3.000000 3.000000
4.29169989 22.35009956 6.39779997 3.000000 3.000000
4.29370022 21.96559906 6.08290005 3.000000 3.000000
4.29619980 22.50880051 6.44810009 3.000000 3.000000
4.29330015 22.02350044 6.06570005 3.000000 3.000000
4.29729986 21.44449997 5.63079977 3.000000 3.000000
4.29650021 22.38290024 6.35640001 3.000000 3.000000
4.29600000 21.40719986 5.64239979 3.000000 3.000000
4.29689980 22.35330009 6.34180021 3.000000 3.000000
4.29659986 22.42340088 6.40570021 3.000000 3.000000
4.29269981 22.17399979 6.27990007 3.000000 3.000000
4.29689980 22.33130074 6.30919981 3.000000 3.000000
4.29190016 22.30299950 6.35419989 3.000000 3.000000
4.29390001 21.98749924 6.04339981 3.000000 3.000000
4.29549980 22.49489975 6.47170019 3.000000 3.000000
4.28690004 22.22550011 6.34749985 3.000000 3.000000
4.29589987 22.53030014 6.50430012 3.000000 3.000000
4.29230022 22.29540062 6.33540010 3.000000 3.000000
4.28919983 22.03000069 6.06489992 3.000000 3.000000
4.29129982 22.36590004 6.35599995 3.000000 3.000000
4.29559994 21.92079926 6.07709980 3.000000 3.000000
4.29659986 22.41020012 6.37699986 3.000000 3.000000
4.29460001 21.90500069 6.05719995 3.000000 3.000000
4.29400015 22.69389915 6.60349989 3.000000 3.000000
4.26620007 22.23270035 6.35699987 3.000000 3.000000
4.29699993 22.35320091 6.34910011 3.000000 3.000000
4.29500008 22.63209915 6.54850006 3.000000 3.000000
4.29659986 22.29129982 6.29010010 3.000000 3.000000
4.29570007 22.57369995 6.52619982 3.000000 3.000000
4.29600000 22.43149948 6.39519978 3.000000 3.000000
4.29530001 22.58900070 6.57240009 3.000000 3.000000
4.29209995 21.91959953 6.10109997 3.000000 3.000000
4.29500008 21.92049980 6.00839996 3.000000 3.000000
4.29269981 22.28019905 6.28009987 3.000000 3.000000
4.29339981 21.32130051 5.63770008 3.000000 3.000000
4.26620007 21.28050041 5.60620022 3.000000 3.000000
4.28030014 21.28160095 5.60650015 3.000000 3.000000
4.29540014 21.28019905 5.60680008 3.000000 3.000000
4.32660007 21.28160095 5.60760021 3.000000 3.000000
4.25610018 21.47349930 5.59940004 3.000000 3.000000
4.26730013 21.24250031 5.57550001 3.000000 3.000000
4.27449989 21.43379974 5.56879997 3.000000 3.000000
4.30740023 21.22419930 5.56120014 3.000000 3.000000
4.25409985 21.41519928 5.55299997 3.000000 3.000000
4.25449991 21.20389938 5.54470015 3.000000 3.000000
4.27570009 21.39699936 5.53809977 3.000000 3.000000
4.28809977 21.16629982 5.51499987 3.000000 3.000000
4.27790022 21.35630035 5.50740004 3.000000 3.000000
4.28179979 21.14739990 5.49970007 3.000000 3.000000
4.24440002 21.12669945 5.48369980 3.000000 3.000000
4.26009989 21.12919998 5.48409986 3.000000 3.000000
4.25070000 21.32089996 5.47629976 3.000000 3.000000
4.28070021 21.31959915 5.47690010 3.000000 3.000000
4.26840019 21.28219986 5.44619989 3.000000 3.000000
4.24959993 21.05069923 5.42350006 3.000000 3.000000
4.26310015 21.22489929 5.40070009 3.000000 3.000000
4.29670000 21.37100029 5.63859987 3.000000 3.000000
4.29209995 22.28739929 6.29869986 3.000000 3.000000
4.29650021 21.46610069 5.64109993 3.000000 3.000000
4.29510021 22.59630013 6.58400011 3.000000 3.000000
4.29549980 22.57390022 6.55700016 3.000000 3.000000
4.29180002 22.34300041 6.32569981 3.000000 3.000000
4.29430008 21.92799950 6.08610010 3.000000 3.000000
4.29260015 22.26539993 6.34810019 3.000000 3.000000
4.29269981 22.29549980 6.34439993 3.000000 3.000000
4.29530001 22.60960007 6.57520008 3.000000 3.000000
4.29220009 22.18849945 6.30849981 3.000000 3.000000
4.29610014 22.68390083 6.60510015 3.000000 3.000000
4.29489994 22.61000061 6.59100008 3.000000 3.000000
4.29619980 22.45129967 6.43459988 3.000000 3.000000
4.34110022 22.72680092 6.60529995 3.000000 3.000000
4.29390001 22.00270081 6.06279993 3.000000 3.000000
4.29750013 22.61499977 6.60780001 3.000000 3.000000
4.29230022 22.25029945 6.31890011 3.000000 3.000000
4.29199982 22.37420082 6.36660004 3.000000 3.000000
4.29239988 22.20439911 6.32000017 3.000000 3.000000
4.29250002 22.28759956 6.31650019 3.000000 3.000000
4.29559994 22.54479980 6.49660015 3.000000 3.000000
4.29010010 21.90349960 6.08930016 3.000000 3.000000
4.29640007 22.45730019 6.42259979 3.000000 3.000000
4.29650021 22.32570076 6.31400013 3.000000 3.000000
4.29269981 22.29549980 6.37099981 3.000000 3.000000
4.29540014 22.52389908 6.47860003 3.000000 3.000000
4.29400015 21.97310066 6.13579988 3.000000 3.000000
4.23719978 22.72809982 6.60599995 3.000000 3.000000
4.29610014 21.42880058 5.62849998 3.000000 3.000000
4.29559994 22.50040054 6.57030010 3.000000 3.000000
4.26849985 22.47120094 6.54769993 3.000000 3.000000
4.28989983 22.46910095 6.54869986 3.000000 3.000000
4.27930021 22.51460075 6.53079987 3.000000 3.000000
4.26319981 22.44039917 6.52619982 3.000000 3.000000
4.29330015 22.44479942 6.52790022 3.000000 3.000000
4.29379988 22.58419991 6.51529980 3.000000 3.000000
4.29209995 22.58250046 6.49529982 3.000000 3.000000
4.27220011 22.45009995 6.48780012 3.000000 3.000000
4.29260015 22.55249977 6.47410011 3.000000 3.000000
4.29290009 22.21199989 6.27759981 3.000000 3.000000
4.29409981 21.99550056 6.10480022 3.000000 3.000000
4.29610014 22.51609993 6.48960018 3.000000 3.000000
4.29360008 21.98019981 6.13670015 3.000000 3.000000
4.29309988 21.92760086 6.10270023 3.000000 3.000000
4.29729986 21.36339951 5.62989998 3.000000 3.000000
4.29670000 22.41729927 6.40269995 3.000000 3.000000
4.29510021 22.60260010 6.53350019 3.000000 3.000000
4.29580021 22.49460030 6.45629978 3.000000 3.000000
4.29250002 22.30319977 6.29269981 3.000000 3.000000
4.29199982 22.35810089 6.33720016 3.000000 3.000000
4.29530001 22.59600067 6.56059980 3.000000 3.000000
4.29659986 22.38940048 6.35949993 3.000000 3.000000
4.29460001 21.94309998 6.06279993 3.000000 3.000000
4.29209995 22.27249908 6.33139992 3.000000 3.000000
4.29570007 22.46479988 6.41909981 3.000000 3.000000
4.29090023 22.38129997 6.41190004 3.000000 3.000000
4.29330015 22.03860092 6.11100006 3.000000 3.000000
4.28529978 22.20910072 6.33519983 3.000000 3.000000
4.29449987 21.91340065 6.02419996 3.000000 3.000000
4.29290009 22.23559952 6.34310007 3.000000 3.000000
4.29470015 22.58160019 6.53840017 3.000000 3.000000
4.29269981 22.28030014 6.32420015 3.000000 3.000000
4.29570007 22.54470062 6.50409985 3.000000 3.000000
4.29239988 22.36630058 6.41870022 3.000000 3.000000
4.29409981 22.01049995 6.14150000 3.000000 3.000000
4.29670000 22.33939934 6.32779980 3.000000 3.000000
4.29320002 22.25070000 6.34579992 3.000000 3.000000
4.29460001 22.58169937 6.54610014 3.000000 3.000000
4.24300003 22.73189926 6.59630013 3.000000 3.000000
4.23750019 22.72839928 6.59259987 3.000000 3.000000
4.29320002 22.14570045 6.26679993 3.000000 3.000000
4.26700020 22.74410057 6.60519981 3.000000 3.000000
4.24100018 22.72340012 6.58869982 3.000000 3.000000
4.22879982 22.71279907 6.58109999 3.000000 3.000000
4.25750017 22.72839928 6.59310007 3.000000 3.000000
4.24860001 22.72159958 6.58750010 3.000000 3.000000
4.24469995 22.71820068 6.58510017 3.000000 3.000000
4.23969984 22.71479988 6.58179998 3.000000 3.000000
4.23500013 22.71129990 6.57880020 3.000000 3.000000
4.22819996 22.70369911 6.57499981 3.000000 3.000000
4.26480007 22.72660065 6.59170008 3.000000 3.000000
4.23740005 22.70630074 6.57410002 3.000000 3.000000
4.29729986 22.74609947 6.60589981 3.000000 3.000000
4.24160004 22.70039940 6.57100010 3.000000 3.000000
4.23659992 22.69680023 6.56780005 3.000000 3.000000
4.23180008 22.69330025 6.56479979 3.000000 3.000000
4.30469990 22.74430084 6.60449982 3.000000 3.000000
4.28809977 22.72979927 6.59420013 3.000000 3.000000
4.28310013 22.72620010 6.59100008 3.000000 3.000000
4.25740004 22.70590019 6.57469988 3.000000 3.000000
4.25290012 22.70249939 6.57189989 3.000000 3.000000
4.24889994 22.69860077 6.56960011 3.000000 3.000000
4.24039984 22.53050041 6.59569979 3.000000 3.000000
4.23029995 22.51409912 6.59140015 3.000000 3.000000
4.31820011 22.74659920 6.60699987 3.000000 3.000000
4.30900002 22.73900032 6.60120010 3.000000 3.000000
4.29559994 22.72800064 6.59280014 3.000000 3.000000
4.27759981 22.71459961 6.58129978 3.000000 3.000000
4.25099993 22.69319916 6.56470013 3.000000 3.000000
4.24149990 22.68600082 6.55870008 3.000000 3.000000
4.28980017 22.62599945 6.60729980 3.000000 3.000000
4.28959990 22.61660004 6.60890007 3.000000 3.000000
4.27339983 22.54940033 6.60970020 3.000000 3.000000
4.26490021 22.54269981 6.60449982 3.000000 3.000000
4.22940016 22.51440048 6.58319998 3.000000 3.000000
4.32569981 22.74489975 6.60550022 3.000000 3.000000
4.31650019 22.73719978 6.59980011 3.000000 3.000000
4.28910017 22.71590042 6.58239985 3.000000 3.000000
4.28520012 22.71269989 6.57999992 3.000000 3.000000
4.28170013 22.70919991 6.57800007 3.000000 3.000000
4.27710009 22.70569992 6.57509995 3.000000 3.000000
4.24870014 22.68420029 6.55709982 3.000000 3.000000
4.23460007 22.67340088 6.54839993 3.000000 3.000000
4.29090023 22.62150002 6.60139990 3.000000 3.000000
4.29139996 22.61619949 6.60290003 3.000000 3.000000
4.29020023 22.58790016 6.60739994 3.000000 3.000000
4.28929996 22.57399940 6.60949993 3.000000 3.000000
4.27990007 22.54759979 6.60760021 3.000000 3.000000
4.27670002 22.54400063 6.60580015 3.000000 3.000000
4.24420023 22.51959991 6.58589983 3.000000 3.000000
4.23129988 22.50919914 6.57830000 3.000000 3.000000
4.31050014 22.72439957 6.58990002 3.000000 3.000000
4.30550003 22.72089958 6.58669996 3.000000 3.000000
4.29629993 22.71419907 6.58090019 3.000000 3.000000
4.28410006 22.70400047 6.57329988 3.000000 3.000000
4.27950001 22.70039940 6.57040024 3.000000 3.000000
4.27500010 22.69700050 6.56750011 3.000000 3.000000
4.25670004 22.68219948 6.55620003 3.000000 3.000000
4.25129986 22.67860031 6.55280018 3.000000 3.000000
4.24259996 22.67140007 6.54740000 3.000000 3.000000
4.23040009 22.66110039 6.53999996 3.000000 3.000000
4.23059988 22.65620041 6.54110003 3.000000 3.000000
4.29059982 22.60659981 6.59660006 3.000000 3.000000
4.29110003 22.57789993 6.60249996 3.000000 3.000000
4.29069996 22.55909920 6.60599995 3.000000 3.000000
4.27500010 22.53490067 6.59889984 3.000000 3.000000
4.27099991 22.53170013 6.59639978 3.000000 3.000000
4.24800014 22.51409912 6.58249998 3.000000 3.000000
4.34480000 22.74530029 6.60510015 3.000000 3.000000
4.33160019 22.73360062 6.59700012 3.000000 3.000000
4.30009985 22.70910072 6.57719994 3.000000 3.000000
4.29659986 22.70560074 6.57509995 3.000000 3.000000
4.29139996 22.70219994 6.57180023 3.000000 3.000000
4.28709984 22.69860077 6.56920004 3.000000 3.000000
4.27850008 22.69129944 6.56389999 3.000000 3.000000
4.26800013 22.68429947 6.55700016 3.000000 3.000000
4.25869989 22.67670059 6.55130005 3.000000 3.000000
4.24480009 22.66620064 6.54269981 3.000000 3.000000
4.22889996 22.65200043 6.53310013 3.000000 3.000000
4.29059982 22.60670090 6.58900023 3.000000 3.000000
4.29110003 22.60140038 6.59049988 3.000000 3.000000
4.29110003 22.58779907 6.59310007 3.000000 3.000000
4.29139996 22.55410004 6.59999990 3.000000 3.000000
4.28840017 22.54540062 6.59940004 3.000000 3.000000
4.28490019 22.53730011 6.59840012 3.000000 3.000000
4.28109980 22.53319931 6.59630013 3.000000 3.000000
4.26889992 22.52269936 6.58909988 3.000000 3.000000
4.26350021 22.51919937 6.58570004 3.000000 3.000000
4.24550009 22.50519943 6.57490015 3.000000 3.000000
4.23190022 22.49480057 6.56669998 3.000000 3.000000
4.35230017 22.74349976 6.60370016 3.000000 3.000000
4.32919979 22.72459984 6.58930016 3.000000 3.000000
4.32000017 22.71739960 6.58349991 3.000000 3.000000
4.27589989 22.68239975 6.55609989 3.000000 3.000000
4.27129984 22.67860031 6.55319977 3.000000 3.000000
4.26639986 22.67480087 6.55019999 3.000000 3.000000
4.25729990 22.66769981 6.54449987 3.000000 3.000000
4.25239992 22.66430092 6.54139996 3.000000 3.000000
4.29090023 22.60149956 6.58279991 3.000000 3.000000
4.29099989 22.59230042 6.58470011 3.000000 3.000000
4.29139996 22.57789993 6.58780003 3.000000 3.000000
4.29169989 22.55890083 6.59170008 3.000000 3.000000
4.28809977 22.53650093 6.59350014 3.000000 3.000000
4.27939987 22.52440071 6.58930016 3.000000 3.000000
4.27129984 22.51700020 6.58459997 3.000000 3.000000
4.26620007 22.51350021 6.58150005 3.000000 3.000000
4.25699997 22.50679970 6.57579994 3.000000 3.000000
4.23019981 22.48040009 6.56099987 3.000000 3.000000
4.36280012 22.74099922 6.60470009 3.000000 3.000000
4.32450008 22.71229935 6.58039999 3.000000 3.000000
4.31090021 22.70210075 6.57180023 3.000000 3.000000
4.27829981 22.67679977 6.55140018 3.000000 3.000000
4.26959991 22.66950035 6.54619980 3.000000 3.000000
4.26420021 22.66600037 6.54260015 3.000000 3.000000
4.26000023 22.66239929 6.54010010 3.000000 3.000000
4.23320007 22.64139938 6.52370024 3.000000 3.000000
4.28730011 22.52729988 6.58720016 3.000000 3.000000
4.24560022 22.49099922 6.56300020 3.000000 3.000000
4.23640013 22.48360062 6.55760002 3.000000 3.000000
4.35400009 22.72830009 6.59259987 3.000000 3.000000
4.34840012 22.72480011 6.58900023 3.000000 3.000000
4.33979988 22.71739960 6.58370018 3.000000 3.000000
4.28579998 22.67499924 6.55009985 3.000000 3.000000
4.28100014 22.67119980 6.54710007 3.000000 3.000000
4.26329994 22.65730095 6.53620005 3.000000 3.000000
4.24520016 22.64319992 6.52510023 3.000000 3.000000
4.29160023 22.56360054 6.57579994 3.000000 3.000000
4.29209995 22.54459953 6.57989979 3.000000 3.000000
4.28639984 22.51790047 6.58090019 3.000000 3.000000
4.27659988 22.50620079 6.57590008 3.000000 3.000000
4.26709986 22.49920082 6.57009983 3.000000 3.000000
4.26230001 22.49600029 6.56710005 3.000000 3.000000
4.25290012 22.48889923 6.56150007 3.000000 3.000000
4.23439980 22.47459984 6.55049992 3.000000 3.000000
4.23040009 22.47069931 6.54829979 3.000000 3.000000
4.32060003 22.69510078 6.56559992 3.000000 3.000000
4.30259991 22.68050003 6.55450010 3.000000 3.000000
4.29309988 22.67320061 6.54850006 3.000000 3.000000
4.28399992 22.66589928 6.54290009 3.000000 3.000000
4.27059984 22.65539932 6.53469992 3.000000 3.000000
4.26179981 22.64830017 6.52930021 3.000000 3.000000
4.29069996 22.58340073 6.56370020 3.000000 3.000000
4.29190016 22.56839943 6.56759977 3.000000 3.000000
4.29209995 22.53039932 6.57530022 3.000000 3.000000
4.28469992 22.50839996 6.57410002 3.000000 3.000000
4.26480007 22.49029922 6.56279993 3.000000 3.000000
4.25990009 22.48690033 6.55980015 3.000000 3.000000
4.24569988 22.47610092 6.55130005 3.000000 3.000000
4.23670006 22.46890068 6.54600000 3.000000 3.000000
4.33739996 22.70009995 6.57000017 3.000000 3.000000
4.32830000 22.69319916 6.56430006 3.000000 3.000000
4.30579996 22.67499924 6.55049992 3.000000 3.000000
4.27799988 22.65360069 6.53319979 3.000000 3.000000
4.27360010 22.65010071 6.53060007 3.000000 3.000000
4.26910019 22.64649963 6.52780008 3.000000 3.000000
4.25950003 22.63949966 6.52180004 3.000000 3.000000
4.25519991 22.63579941 6.51919985 3.000000 3.000000
4.25059986 22.63279915 6.51639986 3.000000 3.000000
4.24189997 22.62529945 6.51109982 3.000000 3.000000
4.29199982 22.54479980 6.56479979 3.000000 3.000000
4.29180002 22.52630043 6.56839991 3.000000 3.000000
4.29139996 22.51659966 6.57000017 3.000000 3.000000
4.28840017 22.50740051 6.56960011 3.000000 3.000000
4.28079987 22.49539948 6.56629992 3.000000 3.000000
4.25290012 22.47410011 6.54969978 3.000000 3.000000
4.23909998 22.46319962 6.54160023 3.000000 3.000000
4.36019993 22.70770073 6.57849979 3.000000 3.000000
4.34460020 22.69840050 6.56829977 3.000000 3.000000
4.33080006 22.68790054 6.55959988 3.000000 3.000000
4.32229996 22.68059921 6.55450010 3.000000 3.000000
4.30740023 22.66959953 6.54519987 3.000000 3.000000
4.28520012 22.65180016 6.53160000 3.000000 3.000000
4.26259995 22.63389969 6.51779985 3.000000 3.000000
4.25750017 22.63100052 6.51450014 3.000000 3.000000
4.25299978 22.62709999 6.51189995 3.000000 3.000000
4.23519993 22.61310005 6.50099993 3.000000 3.000000
4.22989988 22.60490036 6.49860001 3.000000 3.000000
4.29129982 22.55940056 6.55389977 3.000000 3.000000
4.29180002 22.55439949 6.55530024 3.000000 3.000000
4.29160023 22.54500008 6.55709982 3.000000 3.000000
4.29129982 22.53599930 6.55859995 3.000000 3.000000
4.29160023 22.51659966 6.56269979 3.000000 3.000000
4.23210001 22.45009995 6.53170013 3.000000 3.000000
4.35710001 22.69949913 6.57009983 3.000000 3.000000
4.34849977 22.69300079 6.56470013 3.000000 3.000000
4.34320021 22.68959999 6.56129980 3.000000 3.000000
4.33830023 22.68610001 6.55830002 3.000000 3.000000
4.24599981 22.61409950 6.50169992 3.000000 3.000000
4.23350000 22.60400009 6.49410009 3.000000 3.000000
4.23000002 22.60029984 6.49219990 3.000000 3.000000
4.29160023 22.55450058 6.54759979 3.000000 3.000000
4.29150009 22.54509926 6.54949999 3.000000 3.000000
4.29160023 22.52650070 6.55329990 3.000000 3.000000
4.29220009 22.50650024 6.55770016 3.000000 3.000000
4.29040003 22.49760056 6.55819988 3.000000 3.000000
4.27659988 22.47730064 6.55189991 3.000000 3.000000
4.33769989 22.67679977 6.55200005 3.000000 3.000000
4.30929995 22.65469933 6.53450012 3.000000 3.000000
4.29939985 22.64819908 6.52820015 3.000000 3.000000
4.27710009 22.63019943 6.51469994 3.000000 3.000000
4.25349998 22.61210060 6.50029993 3.000000 3.000000
4.22940016 22.59119987 6.48610020 3.000000 3.000000
4.29139996 22.53089905 6.54479980 3.000000 3.000000
4.29230022 22.52120018 6.54740000 3.000000 3.000000
4.29250002 22.50200081 6.55140018 3.000000 3.000000
4.27880001 22.47159958 6.54729986 3.000000 3.000000
4.23629999 22.43889999 6.52229977 3.000000 3.000000
4.35340023 22.68239975 6.55539989 3.000000 3.000000
4.34460020 22.67510033 6.55000019 3.000000 3.000000
4.33949995 22.67140007 6.54689980 3.000000 3.000000
4.33029985 22.66390038 6.54120016 3.000000 3.000000
4.29379988 22.63549995 6.51889992 3.000000 3.000000
4.27909994 22.62549973 6.50969982 3.000000 3.000000
4.27510023 22.62140083 6.50740004 3.000000 3.000000
4.27080011 22.61779976 6.50489998 3.000000 3.000000
4.25670004 22.60750008 6.49620008 3.000000 3.000000
4.24259996 22.59700012 6.48759985 3.000000 3.000000
4.29139996 22.53100014 6.53730011 3.000000 3.000000
4.29139996 22.51689911 6.54010010 3.000000 3.000000
4.29090023 22.48310089 6.54659986 3.000000 3.000000
4.27199984 22.45879936 6.53749990 3.000000 3.000000
4.26200008 22.45179939 6.53140020 3.000000 3.000000
4.25269985 22.44409943 6.52610016 3.000000 3.000000
4.24730015 22.44050026 6.52279997 3.000000 3.000000
4.24289989 22.43700027 6.52029991 3.000000 3.000000
4.34709978 22.66950035 6.54549980 3.000000 3.000000
4.33249998 22.65830040 6.53649998 3.000000 3.000000
4.31029987 22.64089966 6.52299976 3.000000 3.000000
4.26779985 22.60840034 6.49700022 3.000000 3.000000
4.26389980 22.60560036 6.49459982 3.000000 3.000000
4.25000000 22.59499931 6.48619986 3.000000 3.000000
4.24130011 22.58799934 6.48099995 3.000000 3.000000
4.29129982 22.53630066 6.52869987 3.000000 3.000000
4.29110003 22.52689934 6.53039980 3.000000 3.000000
4.29190016 22.52149963 6.53210020 3.000000 3.000000
4.29230022 22.50670052 6.53539991 3.000000 3.000000
4.28870010 22.46879959 6.54050016 3.000000 3.000000
4.28590012 22.46470070 6.53919983 3.000000 3.000000
4.27869987 22.45689964 6.53539991 3.000000 3.000000
4.26840019 22.44989967 6.52909994 3.000000 3.000000
4.24189997 22.42840004 6.51389980 3.000000 3.000000
4.32240009 22.64240074 6.52430010 3.000000 3.000000
4.29899979 22.62459946 6.51000023 3.000000 3.000000
4.28959990 22.61759949 6.50430012 3.000000 3.000000
4.28469992 22.61420059 6.50129986 3.000000 3.000000
4.27489996 22.60650063 6.49529982 3.000000 3.000000
4.26210022 22.59650040 6.48769999 3.000000 3.000000
4.23869991 22.57880020 6.47349977 3.000000 3.000000
4.28509998 22.45509911 6.53310013 3.000000 3.000000
4.28090000 22.45129967 6.53079987 3.000000 3.000000
4.26660013 22.44009972 6.52250004 3.000000 3.000000
4.26140022 22.43639946 6.51929998 3.000000 3.000000
4.33309984 22.64399910 6.52470016 3.000000 3.000000
4.32950020 22.64060020 6.52269983 3.000000 3.000000
4.29689980 22.61569977 6.50279999 3.000000 3.000000
4.28730011 22.60849953 6.49690008 3.000000 3.000000
4.27850008 22.60180092 6.49160004 3.000000 3.000000
4.26910019 22.59469986 6.48589993 3.000000 3.000000
4.26429987 22.59119987 6.48299980 3.000000 3.000000
4.23670006 22.57019997 6.46630001 3.000000 3.000000
4.29190016 22.52160072 6.51719999 3.000000 3.000000
4.27860022 22.44190025 6.52360010 3.000000 3.000000
4.34969997 22.64949989 6.52869987 3.000000 3.000000
4.33659983 22.63879967 6.52080011 3.000000 3.000000
4.33279991 22.63520050 6.51859999 3.000000 3.000000
4.32789993 22.63150024 6.51569986 3.000000 3.000000
4.32259989 22.62809944 6.51230001 3.000000 3.000000
4.27670002 22.59269905 6.48460007 3.000000 3.000000
4.25759983 22.57859993 6.47300005 3.000000 3.000000
4.34759998 22.64030075 6.52139997 3.000000 3.000000
4.34369993 22.63699913 6.51910019 3.000000 3.000000
4.30649996 22.60860062 6.49650002 3.000000 3.000000
4.29300022 22.59799957 6.48839998 3.000000 3.000000
4.27419996 22.58359909 6.47709990 3.000000 3.000000
4.25570011 22.56990051 6.46600008 3.000000 3.000000
4.32329988 22.61409950 6.50059986 3.000000 3.000000
4.31409979 22.60659981 6.49520016 3.000000 3.000000
4.30369997 22.59900093 6.48880005 3.000000 3.000000
4.29489994 22.59219933 6.48360014 3.000000 3.000000
4.29139996 22.58880043 6.48159981 3.000000 3.000000
4.28599977 22.58550072 6.47819996 3.000000 3.000000
4.28149986 22.58169937 6.47550011 3.000000 3.000000
4.27689981 22.57859993 6.47270012 3.000000 3.000000
4.26340008 22.56780052 6.46470022 3.000000 3.000000
4.34450006 22.62260056 6.50750017 3.000000 3.000000
4.32119989 22.60479927 6.49340010 3.000000 3.000000
4.28879976 22.57979965 6.47399998 3.000000 3.000000
4.27909994 22.57290077 6.46810007 3.000000 3.000000
4.27460003 22.56920052 6.46540022 3.000000 3.000000
4.26170015 22.55920029 6.45779991 3.000000 3.000000
4.25190020 22.55220032 6.45190001 3.000000 3.000000
4.32390022 22.59900093 6.48909998 3.000000 3.000000
4.29239988 22.57449913 6.47039986 3.000000 3.000000
4.28660011 22.57089996 6.46670008 3.000000 3.000000
4.28230000 22.56719971 6.46420002 3.000000 3.000000
4.33120012 22.59709930 6.48750019 3.000000 3.000000
4.32550001 22.59339905 6.48400021 3.000000 3.000000
4.26240015 22.54500008 6.44649982 3.000000 3.000000
4.30620003 22.57080078 6.46659994 3.000000 3.000000
4.27780008 22.54980087 6.44960022 3.000000 3.000000
4.27400017 22.54630089 6.44740009 3.000000 3.000000
4.34060001 22.58939934 6.48120022 3.000000 3.000000
4.33109999 22.58279991 6.47539997 3.000000 3.000000
4.32740021 22.57929993 6.47329998 3.000000 3.000000
4.30800009 22.56520081 6.46159983 3.000000 3.000000
4.29440022 22.55470085 6.45359993 3.000000 3.000000
4.34420013 22.58460045 6.47730017 3.000000 3.000000
4.33449984 22.57749939 6.47149992 3.000000 3.000000
4.31519985 22.56329918 6.46000004 3.000000 3.000000
4.31110001 22.55949974 6.45760012 3.000000 3.000000
4.33209991 22.56830025 6.46420002 3.000000 3.000000
4.32810020 22.56500053 6.46180010 3.000000 3.000000
4.31370020 22.55439949 6.45319986 3.000000 3.000000
4.29979992 22.54380035 6.44500017 3.000000 3.000000
4.31320000 22.54529953 6.44729996 3.000000 3.000000
4.34660006 22.56450081 6.46080017 3.000000 3.000000
4.34259987 22.56119919 6.45849991 3.000000 3.000000
4.33699989 22.55750084 6.45510006 3.000000 3.000000
4.26889992 21.93420029 6.11889982 3.000000 3.000000
4.29470015 21.93619919 6.07900000 3.000000 3.000000
4.26800013 22.21999931 6.18669987 3.000000 3.000000
4.29650021 21.35580063 5.62869978 3.000000 3.000000
4.29430008 21.94309998 6.08839989 3.000000 3.000000
4.27680016 22.19849968 6.32959986 3.000000 3.000000
4.29269981 22.24279976 6.34420013 3.000000 3.000000
4.29360008 22.07049942 6.13329983 3.000000 3.000000
4.29209995 22.36619949 6.42749977 3.000000 3.000000
4.29290009 22.30340004 6.37239981 3.000000 3.000000
4.29279995 22.26549911 6.28649998 3.000000 3.000000
4.29510021 22.61730003 6.55620003 3.000000 3.000000
4.29370022 22.03879929 6.13710022 3.000000 3.000000
4.29360008 22.07049942 6.10739994 3.000000 3.000000
4.29419994 22.64760017 6.59509993 3.000000 3.000000
4.29250002 22.25790024 6.35550022 3.000000 3.000000
4.29230022 22.31879997 6.33939981 3.000000 3.000000
4.29209995 22.32649994 6.35839987 3.000000 3.000000
4.29680014 22.29780006 6.28590012 3.000000 3.000000
4.29680014 22.40290070 6.39559984 3.000000 3.000000
4.29659986 22.31130028 6.30700016 3.000000 3.000000
4.28789997 22.27099991 6.38229990 3.000000 3.000000
4.29479980 21.97340012 6.11030006 3.000000 3.000000
4.29500008 22.56800079 6.56190014 3.000000 3.000000
4.29250002 22.28019905 6.31519985 3.000000 3.000000
4.29239988 22.21179962 6.25979996 3.000000 3.000000
4.29510021 22.59630013 6.56860018 3.000000 3.000000
4.29209995 22.28000069 6.27099991 3.000000 3.000000
4.29500008 22.56049919 6.52759981 3.000000 3.000000
4.29180002 22.31130028 6.34679985 3.000000 3.000000
4.29489994 21.85400009 6.02440023 3.000000 3.000000
4.29689980 21.40749931 5.63460016 3.000000 3.000000
4.29670000 22.32550049 6.32110023 3.000000 3.000000
4.29190016 22.29520035 6.32630014 3.000000 3.000000
4.29640007 22.36120033 6.34590006 3.000000 3.000000
4.29199982 22.25769997 6.29360008 3.000000 3.000000
4.29440022 22.65509987 6.57579994 3.000000 3.000000
4.29530001 22.60950089 6.53690004 3.000000 3.000000
4.29419994 21.94300079 6.01989985 3.000000 3.000000
4.29150009 22.35000038 6.37109995 3.000000 3.000000
4.29180002 22.35810089 6.40810013 3.000000 3.000000
4.36350012 22.73850060 6.59619999 3.000000 3.000000
4.36219978 22.73220062 6.59149981 3.000000 3.000000
4.36199999 22.72540092 6.58710003 3.000000 3.000000
4.36280012 22.71890068 6.58150005 3.000000 3.000000
4.36390018 22.71170044 6.57770014 3.000000 3.000000
4.35830021 22.71290016 6.57740021 3.000000 3.000000
4.35699987 22.70669937 6.57210016 3.000000 3.000000
4.36329985 22.70249939 6.56860018 3.000000 3.000000
4.36329985 22.69610023 6.56320000 3.000000 3.000000
4.35729980 22.69680023 6.56489992 3.000000 3.000000
4.36369991 22.68600082 6.55639982 3.000000 3.000000
4.35769987 22.68709946 6.55679989 3.000000 3.000000
4.36359978 22.67959976 6.55100012 3.000000 3.000000
4.35010004 22.67869949 6.55000019 3.000000 3.000000
4.35879993 22.67379951 6.54670000 3.000000 3.000000
4.35389996 22.67469978 6.54720020 3.000000 3.000000
4.36180019 22.67020035 6.54349995 3.000000 3.000000
4.35760021 22.66760063 6.54160023 3.000000 3.000000
4.35260010 22.66839981 6.54239988 3.000000 3.000000
4.36049986 22.66390038 6.53889990 3.000000 3.000000
4.34749985 22.66620064 6.54010010 3.000000 3.000000
4.35029984 22.66239929 6.53739977 3.000000 3.000000
4.36280012 22.65719986 6.53299999 3.000000 3.000000
4.35580015 22.65839958 6.53380013 3.000000 3.000000
4.35869980 22.65449905 6.53149986 3.000000 3.000000
4.35139990 22.65589905 6.53170013 3.000000 3.000000
4.36409998 22.65019989 6.52880001 3.000000 3.000000
4.35629988 22.64859962 6.52619982 3.000000 3.000000
4.34429979 22.65060043 6.52780008 3.000000 3.000000
4.35260010 22.64259911 6.52199984 3.000000 3.000000
4.34189987 22.64480019 6.52250004 3.000000 3.000000
4.36409998 22.63710022 6.51940012 3.000000 3.000000
4.35920000 22.63839912 6.51840019 3.000000 3.000000
4.35129976 22.63640022 6.51719999 3.000000 3.000000
4.36409998 22.63129997 6.51259995 3.000000 3.000000
4.35540009 22.63260078 6.51389980 3.000000 3.000000
4.34880018 22.63039970 6.51240015 3.000000 3.000000
4.34280014 22.63159943 6.51259995 3.000000 3.000000
4.36420012 22.62490082 6.50740004 3.000000 3.000000
4.35419989 22.62630081 6.50909996 3.000000 3.000000
4.33860016 22.62899971 6.51079988 3.000000 3.000000
4.36420012 22.61809921 6.50349998 3.000000 3.000000
4.35809994 22.61930084 6.50349998 3.000000 3.000000
4.35300016 22.62019920 6.50390005 3.000000 3.000000
4.34889984 22.61779976 6.50159979 3.000000 3.000000
4.34390020 22.61870003 6.50199986 3.000000 3.000000
4.36180019 22.61249924 6.49760008 3.000000 3.000000
4.35430002 22.61359978 6.49860001 3.000000 3.000000
4.33729982 22.61650085 6.50059986 3.000000 3.000000
4.35010004 22.61100006 6.49690008 3.000000 3.000000
4.34250021 22.61219978 6.49790001 3.000000 3.000000
4.35570002 22.60689926 6.49370003 3.000000 3.000000
4.33710003 22.61020088 6.49550009 3.000000 3.000000
4.36009979 22.60330009 6.48990011 3.000000 3.000000
4.34630013 22.60519981 6.49240017 3.000000 3.000000
4.34000015 22.60630035 6.49300003 3.000000 3.000000
4.35580015 22.60070038 6.48810005 3.000000 3.000000
4.36240005 22.55179977 6.60909986 3.000000 3.000000
4.34880018 22.59860039 6.48659992 3.000000 3.000000
4.34250021 22.59939957 6.48799992 3.000000 3.000000
4.33519983 22.60070038 6.48850012 3.000000 3.000000
4.36329985 22.59300041 6.48260021 3.000000 3.000000
4.35830021 22.59390068 6.48290014 3.000000 3.000000
4.36369991 22.54500008 6.60400009 3.000000 3.000000
4.35010004 22.59199905 6.48140001 3.000000 3.000000
4.33750010 22.59410095 6.48290014 3.000000 3.000000
4.36350012 22.58679962 6.47720003 3.000000 3.000000
4.35349989 22.58849907 6.47800016 3.000000 3.000000
4.36490011 22.53779984 6.60029984 3.000000 3.000000
4.33269978 22.58849907 6.47860003 3.000000 3.000000
4.36089993 22.53580093 6.59619999 3.000000 3.000000
4.36229992 22.58060074 6.47219992 3.000000 3.000000
4.35459995 22.58180046 6.47319984 3.000000 3.000000
4.33699989 22.58469963 6.47510004 3.000000 3.000000
4.36390018 22.53190041 6.59380007 3.000000 3.000000
4.34280014 22.58049965 6.47200012 3.000000 3.000000
4.35979986 22.57469940 6.46740007 3.000000 3.000000
4.35470009 22.57539940 6.46829987 3.000000 3.000000
4.34649992 22.57349968 6.46680021 3.000000 3.000000
4.34019995 22.57449913 6.46750021 3.000000 3.000000
4.36460018 22.52169991 6.58699989 3.000000 3.000000
4.35979986 22.52339935 6.58479977 3.000000 3.000000
4.36149979 22.56830025 6.46180010 3.000000 3.000000
4.34989977 22.56990051 6.46360016 3.000000 3.000000
4.35550022 22.56579971 6.46059990 3.000000 3.000000
4.34159994 22.56800079 6.46220016 3.000000 3.000000
4.36359978 22.51589966 6.58059978 3.000000 3.000000
4.36149979 22.56180000 6.45709991 3.000000 3.000000
4.35570002 22.55960083 6.45520020 3.000000 3.000000
4.33519983 22.56270027 6.45800018 3.000000 3.000000
4.36380005 22.50909996 6.57620001 3.000000 3.000000
4.35129976 22.55710030 6.45310020 3.000000 3.000000
4.34619999 22.55780029 6.45389986 3.000000 3.000000
4.33059978 22.56019974 6.45629978 3.000000 3.000000
4.36369991 22.55200005 6.44939995 3.000000 3.000000
4.35860014 22.55299950 6.44939995 3.000000 3.000000
4.34170008 22.55540085 6.45190001 3.000000 3.000000
4.35139990 22.55080032 6.44799995 3.000000 3.000000
4.36079979 22.50009918 6.56799984 3.000000 3.000000
4.34439993 22.54859924 6.44659996 3.000000 3.000000
4.33790016 22.54960060 6.44750023 3.000000 3.000000
4.29409981 21.93600082 6.05299997 3.000000 3.000000
4.36199999 22.54290009 6.44159985 3.000000 3.000000
4.35279989 22.54430008 6.44280005 3.000000 3.000000
4.34759998 22.54500008 6.44360018 3.000000 3.000000
4.33990002 22.54630089 6.44430017 3.000000 3.000000
4.33349991 22.54710007 6.44560003 3.000000 3.000000
4.36369991 22.49309921 6.56269979 3.000000 3.000000
4.35629988 22.54050064 6.44010019 3.000000 3.000000
4.34329987 22.54269981 6.44119978 3.000000 3.000000
4.35960007 22.53689957 6.43720007 3.000000 3.000000
4.36380005 22.48660088 6.55779982 3.000000 3.000000
4.35239983 22.53490067 6.43540001 3.000000 3.000000
4.34070015 22.53660011 6.43709993 3.000000 3.000000
4.33549976 22.53730011 6.43790007 3.000000 3.000000
4.33029985 22.53840065 6.43779993 3.000000 3.000000
4.35979986 22.53070068 6.43179989 3.000000 3.000000
4.36420012 22.48010063 6.55270004 3.000000 3.000000
4.34989977 22.52899933 6.43060017 3.000000 3.000000
4.34469986 22.52969933 6.43130016 3.000000 3.000000
4.33430004 22.53140068 6.43270016 3.000000 3.000000
4.36359978 22.52379990 6.42670012 3.000000 3.000000
4.35480022 22.52519989 6.42729998 3.000000 3.000000
4.36310005 22.47400093 6.54729986 3.000000 3.000000
4.35809994 22.52160072 6.42430019 3.000000 3.000000
4.34740019 22.52289963 6.42649984 3.000000 3.000000
4.34240007 22.52379990 6.42659998 3.000000 3.000000
4.33699989 22.52470016 6.42719984 3.000000 3.000000
4.33190012 22.52529907 6.42829990 3.000000 3.000000
4.36129999 22.51799965 6.42140007 3.000000 3.000000
4.35360003 22.51910019 6.42250013 3.000000 3.000000
4.36329985 22.46730042 6.54269981 3.000000 3.000000
4.36450005 22.51409912 6.41949987 3.000000 3.000000
4.34759998 22.51670074 6.42100000 3.000000 3.000000
4.33440018 22.51860046 6.42309999 3.000000 3.000000
4.35900021 22.51199913 6.41690016 3.000000 3.000000
4.34180021 22.51449966 6.41909981 3.000000 3.000000
4.36100006 22.46159935 6.53660011 3.000000 3.000000
4.36210012 22.50819969 6.41470003 3.000000 3.000000
4.35319996 22.50950050 6.41580009 3.000000 3.000000
4.33599997 22.51230049 6.41730022 3.000000 3.000000
4.35669994 22.50600052 6.41239977 3.000000 3.000000
4.34200001 22.50830078 6.41400003 3.000000 3.000000
4.36369991 22.45450020 6.53219986 3.000000 3.000000
4.36369991 22.50189972 6.40910006 3.000000 3.000000
4.34670019 22.50440025 6.41099977 3.000000 3.000000
4.33620024 22.50589943 6.41260004 3.000000 3.000000
4.35559988 22.50000000 6.40749979 3.000000 3.000000
4.35020018 22.50049973 6.40869999 3.000000 3.000000
4.34079981 22.50200081 6.40980005 3.000000 3.000000
4.36019993 22.44930077 6.52549982 3.000000 3.000000
4.36399984 22.49570084 6.40399981 3.000000 3.000000
4.34549999 22.49819946 6.40649986 3.000000 3.000000
4.36339998 22.44510078 6.52419996 3.000000 3.000000
4.35930014 22.49300003 6.40269995 3.000000 3.000000
4.35309982 22.49390030 6.40339994 3.000000 3.000000
4.33830023 22.49620056 6.40469980 3.000000 3.000000
4.36289978 22.48950005 6.39940023 3.000000 3.000000
4.34159994 22.49250031 6.40199995 3.000000 3.000000
4.36100006 22.43899918 6.51929998 3.000000 3.000000
4.35580015 22.48740005 6.39760017 3.000000 3.000000
4.34800005 22.48870087 6.39820004 3.000000 3.000000
4.33589983 22.49029922 6.40010023 3.000000 3.000000
4.36450005 22.43530083 6.51660013 3.000000 3.000000
4.36320019 22.48329926 6.39400005 3.000000 3.000000
4.34189987 22.48629951 6.39690018 3.000000 3.000000
4.35720015 22.48110008 6.39219999 3.000000 3.000000
4.34819984 22.48229980 6.39330006 3.000000 3.000000
4.33599997 22.48399925 6.39519978 3.000000 3.000000
4.35169983 22.47859955 6.39080000 3.000000 3.000000
4.34070015 22.48019981 6.39209986 3.000000 3.000000
4.36429977 22.47380066 6.38670015 3.000000 3.000000
4.35489988 22.47509956 6.38780022 3.000000 3.000000
4.34579992 22.47640038 6.38880014 3.000000 3.000000
4.33610010 22.47769928 6.39039993 3.000000 3.000000
4.36509991 22.42200089 6.50750017 3.000000 3.000000
4.35069990 22.47260094 6.38570023 3.000000 3.000000
4.36189985 22.41990089 6.50360012 3.000000 3.000000
4.36180019 22.46780014 6.38229990 3.000000 3.000000
4.34460020 22.47039986 6.38399982 3.000000 3.000000
4.33500004 22.47170067 6.38530016 3.000000 3.000000
4.35589981 22.46579933 6.37989998 3.000000 3.000000
4.34810019 22.46669960 6.38129997 3.000000 3.000000
4.33979988 22.46800041 6.38199997 3.000000 3.000000
4.36359978 22.41309929 6.49889994 3.000000 3.000000
4.35960007 22.46229935 6.37669992 3.000000 3.000000
4.33519983 22.46529961 6.38089991 3.000000 3.000000
4.35220003 22.45989990 6.37570000 3.000000 3.000000
4.33729982 22.46199989 6.37760019 3.000000 3.000000
4.36119986 22.40719986 6.49359989 3.000000 3.000000
4.36250019 22.45549965 6.37179995 3.000000 3.000000
4.34380007 22.45809937 6.37419987 3.000000 3.000000
4.35510015 22.45330048 6.37060022 3.000000 3.000000
4.34849977 22.45420074 6.37130022 3.000000 3.000000
4.33620024 22.45599937 6.37270021 3.000000 3.000000
4.36149979 22.40060043 6.48909998 3.000000 3.000000
4.36009979 22.44960022 6.36730003 3.000000 3.000000
4.34000015 22.45229912 6.36990023 3.000000 3.000000
4.36499977 22.39679909 6.48659992 3.000000 3.000000
4.35550022 22.44709969 6.36539984 3.000000 3.000000
4.34999990 22.44770050 6.36639977 3.000000 3.000000
4.34350014 22.44879913 6.36670017 3.000000 3.000000
4.36429977 22.44280052 6.36189985 3.000000 3.000000
4.33729982 22.44650078 6.36539984 3.000000 3.000000
4.35979986 22.44039917 6.35990000 3.000000 3.000000
4.35440016 22.44129944 6.36009979 3.000000 3.000000
4.34889984 22.44190025 6.36110020 3.000000 3.000000
4.36240005 22.38789940 6.47860003 3.000000 3.000000
4.34310007 22.43950081 6.35960007 3.000000 3.000000
4.36140013 22.43400002 6.35470009 3.000000 3.000000
4.35050011 22.43530083 6.35650015 3.000000 3.000000
4.33729982 22.43779945 6.35650015 3.000000 3.000000
4.36380005 22.38129997 6.47359991 3.000000 3.000000
4.34600019 22.43269920 6.35480022 3.000000 3.000000
4.36030006 22.42790031 6.34999990 3.000000 3.000000
4.35370016 22.42880058 6.35080004 3.000000 3.000000
4.34019995 22.43070030 6.35239983 3.000000 3.000000
4.36409998 22.37479973 6.46890020 3.000000 3.000000
4.34889984 22.42650032 6.34870005 3.000000 3.000000
4.36339998 22.42140007 6.34460020 3.000000 3.000000
4.35540009 22.42250061 6.34549999 3.000000 3.000000
4.36439991 22.36849976 6.46369982 3.000000 3.000000
4.34250021 22.42110062 6.34490013 3.000000 3.000000
4.35430002 22.41629982 6.34119987 3.000000 3.000000
4.34870005 22.41690063 6.34210014 3.000000 3.000000
4.36479998 22.36219978 6.45839977 3.000000 3.000000
4.35920000 22.41290092 6.33720016 3.000000 3.000000
4.34630013 22.41139984 6.33680010 3.000000 3.000000
4.34089994 22.41209984 6.33750010 3.000000 3.000000
4.36380005 22.35610008 6.45340014 3.000000 3.000000
4.35410023 22.40730095 6.33330011 3.000000 3.000000
4.34369993 22.40550041 6.33249998 3.000000 3.000000
4.36420012 22.39970016 6.32749987 3.000000 3.000000
4.35710001 22.40080070 6.32800007 3.000000 3.000000
4.34410000 22.39940071 6.32719994 3.000000 3.000000
4.36159992 22.39389992 6.32310009 3.000000 3.000000
4.35470009 22.39489937 6.32350016 3.000000 3.000000
4.36289978 22.34029961 6.44129992 3.000000 3.000000
4.35020018 22.39220047 6.32219982 3.000000 3.000000
4.35780001 22.38829994 6.31850004 3.000000 3.000000
4.34539986 22.38969994 6.32040024 3.000000 3.000000
4.36359978 22.33410072 6.43569994 3.000000 3.000000
4.36170006 22.38470078 6.31570005 3.000000 3.000000
4.34910011 22.38629913 6.31710005 3.000000 3.000000
4.34049988 22.38739967 6.31839991 3.000000 3.000000
4.36499977 22.38129997 6.31269979 3.000000 3.000000
4.35550022 22.38249969 6.31379986 3.000000 3.000000
4.34009981 22.38529968 6.31370020 3.000000 3.000000
4.36250019 22.32789993 6.43109989 3.000000 3.000000
4.35059977 22.37989998 6.31239986 3.000000 3.000000
4.36509991 22.32419968 6.42889977 3.000000 3.000000
4.36539984 22.37509918 6.30779982 3.000000 3.000000
4.35710001 22.37610054 6.30900002 3.000000 3.000000
4.34329987 22.37789917 6.31050014 3.000000 3.000000
4.36110020 22.37280083 6.30539989 3.000000 3.000000
4.35249996 22.37360001 6.30700016 3.000000 3.000000
4.34700012 22.37430000 6.30779982 3.000000 3.000000
4.36439991 22.36910057 6.30329990 3.000000 3.000000
4.35480022 22.37050056 6.30369997 3.000000 3.000000
4.36520004 22.31520081 6.42040014 3.000000 3.000000
4.36009979 22.36660004 6.30109978 3.000000 3.000000
4.34999990 22.36779976 6.30249977 3.000000 3.000000
4.35379982 22.36429977 6.29960012 3.000000 3.000000
4.36420012 22.36000061 6.29589987 3.000000 3.000000
4.36219978 22.30590057 6.41379976 3.000000 3.000000
4.35970020 22.35759926 6.29370022 3.000000 3.000000
4.35410023 22.35820007 6.29440022 3.000000 3.000000
4.34579992 22.35910034 6.29589987 3.000000 3.000000
4.36420012 22.29949951 6.40829992 3.000000 3.000000
4.36280012 22.35099983 6.28859997 3.000000 3.000000
4.34749985 22.35289955 6.29040003 3.000000 3.000000
4.35820007 22.34860039 6.28660011 3.000000 3.000000
4.36469984 22.29310036 6.40369987 3.000000 3.000000
4.36479998 22.34449959 6.28420019 3.000000 3.000000
4.36140013 22.29080009 6.40040016 3.000000 3.000000
4.36000013 22.34230042 6.28170013 3.000000 3.000000
4.35309982 22.34309959 6.28240013 3.000000 3.000000
4.34740019 22.34370041 6.28340006 3.000000 3.000000
4.36329985 22.28409958 6.39580011 3.000000 3.000000
4.35620022 22.33639908 6.27769995 3.000000 3.000000
4.34919977 22.33760071 6.27799988 3.000000 3.000000
4.36289978 22.33270073 6.27419996 3.000000 3.000000
4.36539984 22.27759933 6.39080000 3.000000 3.000000
4.35809994 22.33060074 6.27159977 3.000000 3.000000
4.35120010 22.33119965 6.27290010 3.000000 3.000000
4.34539986 22.33189964 6.27360010 3.000000 3.000000
4.36189985 22.27510071 6.38819981 3.000000 3.000000
4.36189985 22.32670021 6.26959991 3.000000 3.000000
4.35699987 22.32430077 6.26770020 3.000000 3.000000
4.35169983 22.32509995 6.26809978 3.000000 3.000000
4.29370022 22.00270081 6.14010000 3.000000 3.000000
4.36259985 22.32060051 6.26469994 3.000000 3.000000
4.34670019 22.32259941 6.26639986 3.000000 3.000000
4.36490011 22.26499939 6.38129997 3.000000 3.000000
4.36530018 22.31710052 6.26219988 3.000000 3.000000
4.35470009 22.31870079 6.26270008 3.000000 3.000000
4.36149979 22.26280022 6.37790012 3.000000 3.000000
4.34569979 22.31679916 6.26119995 3.000000 3.000000
4.33990002 22.31760025 6.26179981 3.000000 3.000000
4.36560011 22.25889969 6.37589979 3.000000 3.000000
4.34969997 22.31310081 6.25869989 3.000000 3.000000
4.36229992 22.30859947 6.25470018 3.000000 3.000000
4.35319996 22.30979919 6.25570011 3.000000 3.000000
4.33890009 22.31170082 6.25689983 3.000000 3.000000
4.36159992 22.25320053 6.37120008 3.000000 3.000000
4.34719992 22.30769920 6.25360012 3.000000 3.000000
4.36439991 22.30229950 6.24989986 3.000000 3.000000
4.35500002 22.30349922 6.25050020 3.000000 3.000000
4.36170006 22.24410057 6.36329985 3.000000 3.000000
4.36490011 22.29630089 6.24480009 3.000000 3.000000
4.35879993 22.29689980 6.24569988 3.000000 3.000000
4.34929991 22.29490089 6.24450016 3.000000 3.000000
4.36229992 22.23769951 6.35860014 3.000000 3.000000
4.35620022 22.29120064 6.24100018 3.000000 3.000000
4.36210012 22.28739929 6.23829985 3.000000 3.000000
4.34980011 22.28890038 6.23939991 3.000000 3.000000
4.36569977 22.23110008 6.35340023 3.000000 3.000000
4.35529995 22.28540039 6.23610020 3.000000 3.000000
4.36399984 22.28109932 6.23320007 3.000000 3.000000
4.36329985 22.22550011 6.34810019 3.000000 3.000000
4.35920000 22.27890015 6.23080015 3.000000 3.000000
4.35260010 22.27930069 6.23250008 3.000000 3.000000
4.36469984 22.27510071 6.22819996 3.000000 3.000000
4.35659981 22.27289963 6.22700024 3.000000 3.000000
4.35029984 22.27420044 6.22650003 3.000000 3.000000
4.36490011 22.21579933 6.34110022 3.000000 3.000000
4.36369991 22.26910019 6.22380018 3.000000 3.000000
4.36549997 22.20949936 6.33620024 3.000000 3.000000
4.35680008 22.26399994 6.21939993 3.000000 3.000000
4.36539984 22.26000023 6.21610022 3.000000 3.000000
4.36460018 22.20339966 6.33139992 3.000000 3.000000
4.35430002 22.25819969 6.21509981 3.000000 3.000000
4.36369991 22.19729996 6.32660007 3.000000 3.000000
4.36399984 22.25110054 6.20919991 3.000000 3.000000
4.35650015 22.25219917 6.20940018 3.000000 3.000000
4.36469984 22.24510002 6.20429993 3.000000 3.000000
4.35710001 22.24620056 6.20459986 3.000000 3.000000
4.36499977 22.18479919 6.31689978 3.000000 3.000000
4.36070013 22.23970032 6.19960022 3.000000 3.000000
4.34980011 22.24069977 6.20120001 3.000000 3.000000
4.35419989 22.23740005 6.19799995 3.000000 3.000000
4.36250019 22.17910004 6.31190014 3.000000 3.000000
4.36569977 22.23299980 6.19460011 3.000000 3.000000
4.35939980 22.23089981 6.19239998 3.000000 3.000000
4.36320019 22.17300034 6.30670023 3.000000 3.000000
4.36339998 22.22750092 6.18949986 3.000000 3.000000
4.35690022 22.22520065 6.18800020 3.000000 3.000000
4.35069990 22.22550011 6.18949986 3.000000 3.000000
4.36390018 22.22109985 6.18550014 3.000000 3.000000
4.29379988 22.01749992 6.13380003 3.000000 3.000000
4.35599995 22.21920013 6.18349981 3.000000 3.000000
4.36450005 22.16020012 6.29750013 3.000000 3.000000
4.36299992 22.21540070 6.18050003 3.000000 3.000000
4.35190010 22.21360016 6.17929983 3.000000 3.000000
4.36219978 22.15449905 6.29250002 3.000000 3.000000
4.35930014 22.20989990 6.17600012 3.000000 3.000000
4.35249996 22.20750046 6.17479992 3.000000 3.000000
4.36450005 22.14819908 6.28749990 3.000000 3.000000
4.35160017 22.20170021 6.16989994 3.000000 3.000000
4.36490011 22.19700050 6.16669989 3.000000 3.000000
4.35589981 22.19840050 6.16669989 3.000000 3.000000
4.36549997 22.19109917 6.16169977 3.000000 3.000000
4.35500002 22.19239998 6.16239977 3.000000 3.000000
4.36569977 22.13290024 6.27479982 3.000000 3.000000
4.36019993 22.18619919 6.15640020 3.000000 3.000000
4.35410023 22.18680000 6.15730000 3.000000 3.000000
4.36590004 22.12350082 6.26800013 3.000000 3.000000
4.36380005 22.17959976 6.15199995 3.000000 3.000000
4.35629988 22.18050003 6.15250015 3.000000 3.000000
4.36609983 22.17329979 6.14720011 3.000000 3.000000
4.35680008 22.17460060 6.14750004 3.000000 3.000000
4.36600018 22.11459923 6.26020002 3.000000 3.000000
4.36100006 22.17090034 6.14529991 3.000000 3.000000
4.36380005 22.10869980 6.25559998 3.000000 3.000000
4.36479998 22.16449928 6.14039993 3.000000 3.000000
4.35850000 22.16550064 6.14029980 3.000000 3.000000
4.29320002 22.20459938 6.31160021 3.000000 3.000000
4.36590004 22.10219955 6.25110006 3.000000 3.000000
4.36549997 22.15870094 6.13520002 3.000000 3.000000
4.35760021 22.15950012 6.13600016 3.000000 3.000000
4.36259985 22.10000038 6.24800014 3.000000 3.000000
4.36040020 22.15629959 6.13320017 3.000000 3.000000
4.36429977 22.14979935 6.12839985 3.000000 3.000000
4.36420012 22.09029961 6.24119997 3.000000 3.000000
4.36339998 22.14380074 6.12410021 3.000000 3.000000
4.35699987 22.14410019 6.12550020 3.000000 3.000000
4.36339998 22.08449936 6.23619986 3.000000 3.000000
4.36420012 22.13820076 6.11850023 3.000000 3.000000
4.36250019 22.07850075 6.23150015 3.000000 3.000000
4.35729980 22.13570023 6.11740017 3.000000 3.000000
4.36009979 22.13249969 6.11460018 3.000000 3.000000
4.36639977 22.07159996 6.22709990 3.000000 3.000000
4.36450005 22.12919998 6.11170006 3.000000 3.000000
4.36569977 22.06590080 6.22189999 3.000000 3.000000
4.36549997 22.12299919 6.10729980 3.000000 3.000000
4.36170006 22.12059975 6.10500002 3.000000 3.000000
4.36630011 22.05979919 6.21700001 3.000000 3.000000
4.36630011 22.11730003 6.10200024 3.000000 3.000000
4.36269999 22.05730057 6.21449995 3.000000 3.000000
4.36539984 22.11140060 6.09759998 3.000000 3.000000
4.35869980 22.11199951 6.09840012 3.000000 3.000000
4.36469984 22.04789925 6.20749998 3.000000 3.000000
4.35960007 22.10610008 6.09340000 3.000000 3.000000
4.36549997 22.10250092 6.09070015 3.000000 3.000000
4.36380005 22.04190063 6.20270014 3.000000 3.000000
4.36040020 22.10029984 6.08839989 3.000000 3.000000
4.36329985 22.09690094 6.08599997 3.000000 3.000000
4.36469984 22.03549957 6.19840002 3.000000 3.000000
4.35939980 22.09390068 6.08489990 3.000000 3.000000
4.36170006 22.03669930 6.18860006 3.000000 3.000000
4.36250019 22.09090042 6.08179998 3.000000 3.000000
4.36219978 22.03039932 6.19259977 3.000000 3.000000
4.36509991 22.02659988 6.19089985 3.000000 3.000000
4.36530018 22.07909966 6.07170010 3.000000 3.000000
4.36679983 22.01429939 6.18139982 3.000000 3.000000
4.36429977 22.00869942 6.17640018 3.000000 3.000000
4.36170006 22.06430054 6.06139994 3.000000 3.000000
4.36350012 22.00270081 6.17170000 3.000000 3.000000
4.36630011 22.06139946 6.05770016 3.000000 3.000000
4.36649990 21.99950027 6.16900015 3.000000 3.000000
4.36539984 22.05529976 6.05369997 3.000000 3.000000
4.36399984 21.99370003 6.16440010 3.000000 3.000000
4.36609983 22.04949951 6.04879999 3.000000 3.000000
4.36490011 21.98760033 6.15959978 3.000000 3.000000
4.36530018 22.04389954 6.04390001 3.000000 3.000000
4.36590004 22.03510094 6.03679991 3.000000 3.000000
4.36460018 21.97260094 6.14779997 3.000000 3.000000
4.36670017 22.02930069 6.03200006 3.000000 3.000000
4.36660004 21.96039963 6.13810015 3.000000 3.000000
4.36730003 21.95100021 6.13149977 3.000000 3.000000
4.36289978 21.94580078 6.12650013 3.000000 3.000000
4.36660004 21.93339920 6.11679983 3.000000 3.000000
4.36679983 21.92149925 6.10729980 3.000000 3.000000
4.36569977 21.91290092 6.09999990 3.000000 3.000000
4.36639977 21.90379906 6.09299994 3.000000 3.000000
4.36380005 21.89819908 6.08820009 3.000000 3.000000
4.36709976 21.89509964 6.08519983 3.000000 3.000000
4.36549997 21.88310051 6.07639980 3.000000 3.000000
4.36670017 21.87689972 6.07189989 3.000000 3.000000
4.36590004 21.87109947 6.06720018 3.000000 3.000000
4.36409998 21.85659981 6.05509996 3.000000 3.000000
4.36740017 21.85350037 6.05229998 3.000000 3.000000
4.36189985 21.85499954 6.05089998 3.000000 3.000000
4.36299992 21.84799957 6.04780006 3.000000 3.000000
4.36630011 21.84460068 6.04559994 3.000000 3.000000
4.36549997 21.83869934 6.04090023 3.000000 3.000000
4.36679983 21.83270073 6.03620005 3.000000 3.000000
4.36770010 21.82670021 6.03140020 3.000000 3.000000
4.29449987 21.97319984 6.05870008 3.000000 3.000000
4.29540014 22.59580040 6.52990007 3.000000 3.000000
4.29199982 22.38170052 6.35909986 3.000000 3.000000
4.29670000 21.35580063 5.62060022 3.000000 3.000000
4.29650021 21.41419983 5.64340019 3.000000 3.000000
4.28819990 22.17230034 6.30399990 3.000000 3.000000
4.29379988 22.05459976 6.09639978 3.000000 3.000000
4.29589987 22.47940063 6.47130013 3.000000 3.000000
4.29059982 22.27949905 6.38490009 3.000000 3.000000
4.29230022 22.32659912 6.38500023 3.000000 3.000000
4.29250002 22.32670021 6.40290022 3.000000 3.000000
4.29260015 22.27269936 6.30520010 3.000000 3.000000
4.29449987 21.92799950 6.06909990 3.000000 3.000000
4.29670000 22.36100006 6.36040020 3.000000 3.000000
4.29059982 22.34269905 6.43160009 3.000000 3.000000
4.29400015 22.01749992 6.07369995 3.000000 3.000000
4.29470015 22.63249969 6.59490013 3.000000 3.000000
4.29440022 22.67000008 6.58330011 3.000000 3.000000
4.29619980 21.44420052 5.64669991 3.000000 3.000000
4.29689980 22.37520027 6.35239983 3.000000 3.000000
4.29400015 21.99539948 6.08750010 3.000000 3.000000
4.29540014 21.89780045 6.04799986 3.000000 3.000000
4.26730013 22.21800041 6.34619999 3.000000 3.000000
4.29470015 21.90500069 6.04020023 3.000000 3.000000
4.29510021 21.82480049 6.01179981 3.000000 3.000000
4.29479980 21.95849991 6.06519985 3.000000 3.000000
4.29589987 22.50909996 6.47860003 3.000000 3.000000
4.24350023 22.72249985 6.59870005 3.000000 3.000000
4.29220009 22.22039986 6.33139992 3.000000 3.000000
4.29470015 21.91349983 6.05849981 3.000000 3.000000
4.29549980 22.54490089 6.52699995 3.000000 3.000000
4.29409981 22.01049995 6.12430000 3.000000 3.000000
4.29220009 22.23530006 6.31629992 3.000000 3.000000
4.29659986 22.38949966 6.36689997 3.000000 3.000000
4.29309988 22.20459938 6.27640009 3.000000 3.000000
4.29530001 22.61709976 6.54829979 3.000000 3.000000
4.29320002 22.20459938 6.25890017 3.000000 3.000000
4.29290009 22.20450020 6.29379988 3.000000 3.000000
4.29530001 22.63960075 6.55970001 3.000000 3.000000
4.29489994 22.56800079 6.50850010 3.000000 3.000000
4.29510021 22.60260010 6.52580023 3.000000 3.000000
4.29559994 22.52359962 6.47079992 3.000000 3.000000
4.29320002 22.25070000 6.33699989 3.000000 3.000000
4.29510021 22.56049919 6.55039978 3.000000 3.000000
4.29080009 22.19610023 6.31790018 3.000000 3.000000
4.29619980 22.45129967 6.42719984 3.000000 3.000000
4.29580021 22.43180084 6.41779995 3.000000 3.000000
4.29549980 22.50270081 6.45289993 3.000000 3.000000
4.29230022 22.33480072 6.41319990 3.000000 3.000000
4.29250002 22.25790024 6.34670019 3.000000 3.000000
4.29150009 22.36590004 6.36490011 3.000000 3.000000
4.28859997 21.94109917 6.11999989 3.000000 3.000000
4.29269981 22.22769928 6.32399988 3.000000 3.000000
4.29689980 22.33119965 6.31640005 3.000000 3.000000
4.29169989 22.35799980 6.44369984 3.000000 3.000000
4.29370022 21.96559906 6.07429981 3.000000 3.000000
4.29470015 21.91349983 6.08419991 3.000000 3.000000
4.29349995 22.04640007 6.14680004 3.000000 3.000000
4.29449987 22.64730072 6.57170010 3.000000 3.000000
4.29430008 22.68580055 6.59140015 3.000000 3.000000
4.29379988 21.88969994 6.07170010 3.000000 3.000000
4.29190016 21.96509933 6.13360023 3.000000 3.000000
4.29300022 22.31909943 6.31330013 3.000000 3.000000
4.29260015 22.25040054 6.28380013 3.000000 3.000000
4.29949999 21.37190056 5.65619993 3.000000 3.000000
4.29610014 22.47909927 6.45599985 3.000000 3.000000
4.29530001 22.56010056 6.49679995 3.000000 3.000000
4.29530001 21.91370010 6.07590008 3.000000 3.000000
4.29680014 22.33919907 6.32030010 3.000000 3.000000
4.29400015 22.04649925 6.08669996 3.000000 3.000000
4.29180002 22.33460045 6.32429981 3.000000 3.000000
