4.30229998 25.12400055 6.56500006 3.000000 0.000000
4.32159996 25.12389946 6.56459999 3.000000 0.000000
4.29370022 23.46610069 5.61049986 3.000000 3.000000
4.29080009 23.80970001 5.81599998 3.000000 3.000000
4.29549980 23.28630066 5.42129993 3.000000 3.000000
4.29349995 23.58399963 5.62890005 3.000000 3.000000
4.29239988 23.63159943 5.71320009 3.000000 3.000000
4.28200006 24.34810066 6.18459988 3.000000 3.000000
4.28929996 24.09300041 5.94220018 3.000000 3.000000
4.28779984 23.71050072 5.75930023 3.000000 3.000000
4.29059982 23.91550064 5.84490013 3.000000 3.000000
4.29430008 23.60199928 5.59280014 3.000000 3.000000
4.29549980 23.21980095 5.40980005 3.000000 3.000000
4.28639984 23.93359947 5.85820007 3.000000 3.000000
4.28140020 24.41519928 6.20020008 3.000000 3.000000
4.29349995 23.51819992 5.63840008 3.000000 3.000000
4.28870010 24.11520004 5.98239994 3.000000 3.000000
4.29320002 23.56489944 5.65000010 3.000000 3.000000
4.28070021 24.48340034 6.25960016 3.000000 3.000000
4.28999996 23.95490074 5.92929983 3.000000 3.000000
4.29309988 23.58469963 5.68680000 3.000000 3.000000
4.28450012 24.13419914 5.94350004 3.000000 3.000000
4.29409981 23.49169922 5.55670023 3.000000 3.000000
4.29659986 23.29310036 5.38920021 3.000000 3.000000
4.28919983 24.14520073 5.96420002 3.000000 3.000000
4.28870010 24.05360031 5.91060019 3.000000 3.000000
4.29689980 23.12809944 5.34100008 3.000000 3.000000
4.29160023 23.76309967 5.71570015 3.000000 3.000000
4.29460001 23.47299957 5.51399994 3.000000 3.000000
4.29470015 23.40150070 5.50029993 3.000000 3.000000
4.28779984 23.82360077 5.75169992 3.000000 3.000000
4.29430008 23.40209961 5.54969978 3.000000 3.000000
4.29540014 23.41850090 5.47170019 3.000000 3.000000
4.29339981 23.58419991 5.63609982 3.000000 3.000000
4.29370022 23.51779938 5.62389994 3.000000 3.000000
4.28929996 24.00460052 5.89750004 3.000000 3.000000
4.29160023 23.72520065 5.75890017 3.000000 3.000000
4.28070021 24.17029953 5.96120024 3.000000 3.000000
4.29120016 23.81870079 5.80469990 3.000000 3.000000
4.28160000 24.46809959 6.19070005 3.000000 3.000000
4.29510021 23.30439949 5.49049997 3.000000 3.000000
4.29230022 23.68490028 5.69119978 3.000000 3.000000
4.28679991 23.81119919 5.81129980 3.000000 3.000000
4.28140020 24.44129944 6.23899984 3.000000 3.000000
4.29670000 23.11980057 5.33790016 3.000000 3.000000
4.29209995 23.68499947 5.68410015 3.000000 3.000000
4.28950024 24.06159973 6.00540018 3.000000 3.000000
4.26399994 24.51339912 6.33269978 3.000000 3.000000
4.26800013 24.47579956 6.30740023 3.000000 3.000000
4.23789978 24.44680023 6.28690004 3.000000 3.000000
4.25589991 24.43959999 6.28340006 3.000000 3.000000
4.26319981 24.44059944 6.28350019 3.000000 3.000000
4.27190018 24.43829918 6.28230000 3.000000 3.000000
4.28140020 24.43600082 6.28100014 3.000000 3.000000
4.23430014 24.40410042 6.26000023 3.000000 3.000000
4.26000023 24.40099907 6.25780010 3.000000 3.000000
4.23839998 24.36619949 6.23479986 3.000000 3.000000
4.24650002 24.36779976 6.23509979 3.000000 3.000000
4.25509977 24.36520004 6.23379993 3.000000 3.000000
4.24259996 24.32799911 6.20959997 3.000000 3.000000
4.25449991 24.29299927 6.18540001 3.000000 3.000000
4.27920008 24.28890038 6.18289995 3.000000 3.000000
4.28789997 24.28590012 6.18139982 3.000000 3.000000
4.32229996 24.28030014 6.17799997 3.000000 3.000000
4.26709986 24.25289917 6.15920019 3.000000 3.000000
4.30130005 24.24469948 6.15479994 3.000000 3.000000
4.24749994 24.21669960 6.13590002 3.000000 3.000000
4.26249981 24.21969986 6.13649988 3.000000 3.000000
4.27990007 24.21389961 6.13360023 3.000000 3.000000
4.25839996 24.18239975 6.11219978 3.000000 3.000000
4.28369999 24.17840004 6.10979986 3.000000 3.000000
4.27050018 24.14539909 6.08760023 3.000000 3.000000
4.31869984 24.13730049 6.08269978 3.000000 3.000000
4.26639986 24.10939980 6.06400013 3.000000 3.000000
4.33169985 24.10090065 6.05830002 3.000000 3.000000
4.27029991 24.07360077 6.04020023 3.000000 3.000000
4.29559994 24.06710052 6.03669977 3.000000 3.000000
4.30259991 24.06739998 6.03660011 3.000000 3.000000
4.29050016 24.03510094 6.01480007 3.000000 3.000000
4.33890009 24.03059959 6.01140022 3.000000 3.000000
4.27820015 24.00029945 5.99219990 3.000000 3.000000
4.31010008 23.99740028 5.98999977 3.000000 3.000000
4.34270000 23.99360085 5.98740005 3.000000 3.000000
4.31370020 23.96299934 5.96700001 3.000000 3.000000
4.32200003 23.96150017 5.96610022 3.000000 3.000000
4.33099985 23.95989990 5.96509981 3.000000 3.000000
4.33459997 23.92530060 5.94220018 3.000000 3.000000
4.34980011 23.92410088 5.94119978 3.000000 3.000000
4.29710007 23.89929962 5.92399979 3.000000 3.000000
4.30539989 23.89640045 5.92259979 3.000000 3.000000
4.32110023 23.89310074 5.92070007 3.000000 3.000000
4.28599977 23.86510086 5.90180016 3.000000 3.000000
4.31750011 23.86109924 5.89909983 3.000000 3.000000
4.32460022 23.86009979 5.89849997 3.000000 3.000000
4.34810019 23.85390091 5.89529991 3.000000 3.000000
4.30450010 23.83069992 5.87849998 3.000000 3.000000
4.32819986 23.82570076 5.87580013 3.000000 3.000000
4.34539986 23.82169914 5.87370014 3.000000 3.000000
4.30060005 23.79520035 5.85570002 3.000000 3.000000
4.31640005 23.79360008 5.85459995 3.000000 3.000000
4.33179998 23.79150009 5.85319996 3.000000 3.000000
4.29720020 23.76300049 5.83419991 3.000000 3.000000
4.30410004 23.76309967 5.83400011 3.000000 3.000000
4.32840014 23.75869942 5.83150005 3.000000 3.000000
4.35029984 23.69199944 5.78679991 3.000000 3.000000
4.30810022 23.66379929 5.76840019 3.000000 3.000000
4.33890009 23.66020012 5.76590014 3.000000 3.000000
4.34609985 23.65719986 5.76459980 3.000000 3.000000
4.31839991 23.63129997 5.74650002 3.000000 3.000000
4.32590008 23.63279915 5.74690008 3.000000 3.000000
4.32189989 23.59950066 5.72529984 3.000000 3.000000
4.34600019 23.59399986 5.72240019 3.000000 3.000000
4.32539988 23.56749916 5.70400000 3.000000 3.000000
4.29250002 23.69379997 5.70930004 3.000000 3.000000
4.29260015 23.63990021 5.69479990 3.000000 3.000000
4.29440022 23.41020012 5.51779985 3.000000 3.000000
4.29610014 23.15390015 5.37109995 3.000000 3.000000
4.29059982 23.87540054 5.86569977 3.000000 3.000000
4.29650021 23.17740059 5.36630011 3.000000 3.000000
4.29409981 23.53680038 5.56720018 3.000000 3.000000
4.29190016 23.72470093 5.75120020 3.000000 3.000000
4.29209995 23.65880013 5.69530010 3.000000 3.000000
4.29530001 23.29490089 5.47980022 3.000000 3.000000
4.29650021 23.08020020 5.32999992 3.000000 3.000000
4.29190016 23.76269913 5.75209999 3.000000 3.000000
4.29419994 23.41069984 5.57420015 3.000000 3.000000
4.29220009 23.78930092 5.75540018 3.000000 3.000000
4.28980017 23.97349930 5.87680006 3.000000 3.000000
4.29530001 23.21999931 5.43730021 3.000000 3.000000
4.28849983 24.07349968 5.96470022 3.000000 3.000000
4.29479980 23.37520027 5.49009991 3.000000 3.000000
4.29589987 23.29400063 5.45160007 3.000000 3.000000
4.29150009 23.75440025 5.75610018 3.000000 3.000000
4.29300022 23.77050018 5.70359993 3.000000 3.000000
4.29589987 23.31259918 5.43809986 3.000000 3.000000
4.29110003 23.87470055 5.78319979 3.000000 3.000000
4.29169989 23.77230072 5.79290009 3.000000 3.000000
4.29629993 23.27689934 5.40380001 3.000000 3.000000
4.28940010 24.06180000 5.94430017 3.000000 3.000000
4.28369999 23.79610062 5.82819986 3.000000 3.000000
4.28989983 24.01289940 5.90829992 3.000000 3.000000
4.29510021 23.37470055 5.46199989 3.000000 3.000000
4.29090023 23.83659935 5.81220007 3.000000 3.000000
4.28980017 23.96389961 5.91050005 3.000000 3.000000
4.29160023 23.99139977 5.84600019 3.000000 3.000000
4.28200006 24.42939949 6.16009998 3.000000 3.000000
4.29279995 23.61260033 5.66930008 3.000000 3.000000
4.29320002 23.63899994 5.62919998 3.000000 3.000000
4.29540014 23.32200050 5.46950006 3.000000 3.000000
4.28569984 23.94510078 5.86049986 3.000000 3.000000
4.29190016 23.86319923 5.76350021 3.000000 3.000000
4.28380013 24.19919968 6.05389977 3.000000 3.000000
4.29160023 23.80850029 5.74139977 3.000000 3.000000
4.29540014 23.47190094 5.49930000 3.000000 3.000000
4.29580021 23.20350075 5.40350008 3.000000 3.000000
4.28719997 23.75869942 5.78999996 3.000000 3.000000
4.29519987 23.34939957 5.47310019 3.000000 3.000000
4.29199982 23.68519974 5.69869995 3.000000 3.000000
4.29689980 23.20199966 5.34140015 3.000000 3.000000
4.29129982 23.89349937 5.78350019 3.000000 3.000000
4.36520004 22.94650078 5.27089977 3.000000 3.000000
4.29650021 23.26740074 5.37960005 3.000000 3.000000
4.29020023 23.94569969 5.88009977 3.000000 3.000000
4.29190016 23.81769943 5.73769999 3.000000 3.000000
4.29390001 23.53700066 5.56029987 3.000000 3.000000
4.29050016 23.89469910 5.83640003 3.000000 3.000000
4.29379988 23.58359909 5.59999990 3.000000 3.000000
4.29190016 23.77210045 5.77059984 3.000000 3.000000
4.28420019 24.16060066 6.03459978 3.000000 3.000000
4.29510021 23.42770004 5.51030016 3.000000 3.000000
4.29169989 23.75410080 5.69740009 3.000000 3.000000
4.29069996 23.91539955 5.82989979 3.000000 3.000000
4.29559994 23.27779961 5.44560003 3.000000 3.000000
4.28590012 23.94510078 5.91309977 3.000000 3.000000
4.29400015 23.50000000 5.54580021 3.000000 3.000000
4.28970003 24.01300049 5.90089989 3.000000 3.000000
4.28770018 24.10670090 6.01760006 3.000000 3.000000
4.29470015 23.50749969 5.53439999 3.000000 3.000000
4.29589987 23.18659973 5.38350010 3.000000 3.000000
4.29619980 23.14539909 5.39499998 3.000000 3.000000
4.28789997 24.12739944 6.03410006 3.000000 3.000000
4.29559994 23.24329948 5.45989990 3.000000 3.000000
4.29589987 23.18680000 5.41079998 3.000000 3.000000
4.29339981 23.61170006 5.61119986 3.000000 3.000000
4.28420019 24.04599953 5.88180017 3.000000 3.000000
4.28999996 24.01280022 5.91580009 3.000000 3.000000
4.28590012 23.88380051 5.77419996 3.000000 3.000000
4.29209995 23.70499992 5.72119999 3.000000 3.000000
4.28770018 24.15760040 6.05490017 3.000000 3.000000
4.28369999 24.26239967 6.06820011 3.000000 3.000000
4.29610014 23.36490059 5.43720007 3.000000 3.000000
4.29479980 23.27879906 5.48070002 3.000000 3.000000
4.29640007 23.27669907 5.38999987 3.000000 3.000000
4.28450012 24.19989967 6.00070000 3.000000 3.000000
4.28900003 24.03289986 5.98559999 3.000000 3.000000
4.28030014 24.45380020 6.15439987 3.000000 3.000000
4.29239988 23.63150024 5.69140005 3.000000 3.000000
4.28989983 23.92580032 5.86439991 3.000000 3.000000
4.28280020 24.20999908 5.99179983 3.000000 3.000000
4.29169989 23.73469925 5.72609997 3.000000 3.000000
4.28980017 23.92609978 5.90969992 3.000000 3.000000
4.30579996 24.85560036 6.56120014 3.000000 3.000000
4.31689978 24.85429955 6.56050014 3.000000 3.000000
4.32800007 25.08099937 6.56449986 3.000000 3.000000
4.28490019 24.01969910 5.92920017 3.000000 3.000000
4.28749990 23.82320023 5.79320002 3.000000 3.000000
4.28079987 24.48060036 6.21530008 3.000000 3.000000
4.28380013 24.26259995 6.05749989 3.000000 3.000000
4.28749990 23.89870071 5.79869986 3.000000 3.000000
4.29519987 23.39259911 5.48979998 3.000000 3.000000
4.28669977 24.01009941 5.87470007 3.000000 3.000000
4.29300022 23.60379982 5.68730021 3.000000 3.000000
4.29680014 23.19389915 5.34520006 3.000000 3.000000
4.29570007 23.28610039 5.44869995 3.000000 3.000000
4.29190016 23.71479988 5.74720001 3.000000 3.000000
4.29160023 23.71509933 5.76210022 3.000000 3.000000
4.29699993 23.17670059 5.33879995 3.000000 3.000000
4.24630022 23.89889908 5.91440010 3.000000 3.000000
4.25379992 23.77079964 5.82590008 3.000000 3.000000
4.29419994 23.44720078 5.58869982 3.000000 3.000000
4.29309988 23.63050079 5.61870003 3.000000 3.000000
4.29099989 23.90439987 5.83269978 3.000000 3.000000
4.29510021 23.45459938 5.51380014 3.000000 3.000000
4.29549980 23.26079941 5.44600010 3.000000 3.000000
4.29279995 23.65780067 5.62970018 3.000000 3.000000
4.29540014 23.32200050 5.45569992 3.000000 3.000000
4.29670000 23.06340027 5.33710003 3.000000 3.000000
4.29120016 23.90410042 5.79519987 3.000000 3.000000
4.28889990 24.02309990 5.97380018 3.000000 3.000000
4.29430008 23.52669907 5.54199982 3.000000 3.000000
4.29080009 23.94490051 5.84950018 3.000000 3.000000
4.29449987 23.43790054 5.53550005 3.000000 3.000000
4.29290009 23.74220085 5.69950008 3.000000 3.000000
4.29110003 23.82780075 5.75670004 3.000000 3.000000
4.29020023 23.94580078 5.91029978 3.000000 3.000000
4.28830004 24.14640045 6.01119995 3.000000 3.000000
4.29110003 23.80089951 5.81969976 3.000000 3.000000
4.29720020 23.20159912 5.32760000 3.000000 3.000000
4.29309988 23.54619980 5.63539982 3.000000 3.000000
4.27979994 24.46520042 6.25719976 3.000000 3.000000
4.29110003 23.81879997 5.81960011 3.000000 3.000000
4.28579998 24.06019974 5.92759991 3.000000 3.000000
4.29110003 23.76390076 5.79699993 3.000000 3.000000
4.29680014 23.19389915 5.35200024 3.000000 3.000000
4.29190016 23.76289940 5.81110001 3.000000 3.000000
4.29540014 23.34910011 5.43830013 3.000000 3.000000
4.29360008 23.51799965 5.61689997 3.000000 3.000000
4.26849985 24.45890045 6.26870012 3.000000 3.000000
4.28630018 24.00959969 5.89559984 3.000000 3.000000
4.29110003 23.80089951 5.79740000 3.000000 3.000000
4.29160023 23.71529961 5.77680016 3.000000 3.000000
4.28809977 24.12719917 6.01079988 3.000000 3.000000
4.29360008 23.60300064 5.64359999 3.000000 3.000000
4.29470015 23.46470070 5.50379992 3.000000 3.000000
4.28779984 24.13800049 6.03870010 3.000000 3.000000
4.28690004 23.91020012 5.81139994 3.000000 3.000000
4.29409981 23.46549988 5.55350018 3.000000 3.000000
4.29370022 23.55459976 5.61709976 3.000000 3.000000
4.29129982 23.85510063 5.81230021 3.000000 3.000000
4.28070021 24.45389938 6.24179983 3.000000 3.000000
4.28160000 24.37220001 6.19010019 3.000000 3.000000
4.29300022 23.54630089 5.64260006 3.000000 3.000000
4.29090023 23.83670044 5.81969976 3.000000 3.000000
4.28380013 24.14579964 6.03119993 3.000000 3.000000
4.29559994 23.20359993 5.41050005 3.000000 3.000000
4.29670000 23.07999992 5.34999990 3.000000 3.000000
4.28999996 23.94599915 5.90290022 3.000000 3.000000
4.29650021 23.08839989 5.34639978 3.000000 3.000000
4.29750013 23.12750053 5.38780022 3.000000 3.000000
4.28719997 23.72120094 5.77169991 3.000000 3.000000
4.28140020 24.42869949 6.21420002 3.000000 3.000000
4.28859997 24.02339935 5.95879984 3.000000 3.000000
4.29409981 23.57340050 5.58160019 3.000000 3.000000
4.29180002 23.70540047 5.76529980 3.000000 3.000000
4.29209995 23.90279961 5.78700018 3.000000 3.000000
4.29629993 23.29339981 5.39629984 3.000000 3.000000
4.29050016 23.87560081 5.85080004 3.000000 3.000000
4.28980017 23.95499992 5.90679979 3.000000 3.000000
4.22870016 22.94569969 5.31890011 3.000000 3.000000
4.23649979 22.94529915 5.32019997 3.000000 3.000000
4.28959990 23.96409988 5.89550018 3.000000 3.000000
4.29339981 23.57439995 5.68249989 3.000000 3.000000
4.28730011 23.84749985 5.75659990 3.000000 3.000000
4.28830004 24.05419922 5.95660019 3.000000 3.000000
4.28849983 24.10540009 5.94000006 3.000000 3.000000
4.28480005 24.18659973 5.99779987 3.000000 3.000000
4.28919983 24.06209946 5.99800014 3.000000 3.000000
4.28649998 23.87229919 5.83470011 3.000000 3.000000
4.28999996 23.92580032 5.87190008 3.000000 3.000000
4.29150009 23.78140068 5.73040009 3.000000 3.000000
4.28830004 24.07369995 5.94960022 3.000000 3.000000
4.29309988 23.55550003 5.66060019 3.000000 3.000000
4.29440022 23.38459969 5.52880001 3.000000 3.000000
4.28800011 24.13759995 5.99980021 3.000000 3.000000
4.28950024 23.51740074 5.64190006 3.000000 3.000000
4.29440022 23.49939919 5.53130007 3.000000 3.000000
4.29050016 23.87560081 5.85830021 3.000000 3.000000
4.28039980 24.49340057 6.27299976 3.000000 3.000000
4.29689980 23.26689911 5.36560011 3.000000 3.000000
4.29600000 23.20319939 5.42379999 3.000000 3.000000
4.29360008 23.50049973 5.59569979 3.000000 3.000000
4.28679991 23.89809990 5.78789997 3.000000 3.000000
4.27670002 24.46369934 6.15579987 3.000000 3.000000
4.29050016 23.89489937 5.89639997 3.000000 3.000000
4.28630018 23.90959930 5.85300016 3.000000 3.000000
4.29409981 23.42900085 5.55329990 3.000000 3.000000
4.29120016 23.86429977 5.77159977 3.000000 3.000000
4.28959990 24.09250069 5.91890001 3.000000 3.000000
4.28350019 24.17259979 6.05849981 3.000000 3.000000
4.29260015 23.64850044 5.69089985 3.000000 3.000000
4.29139996 23.75469971 5.76359987 3.000000 3.000000
4.28709984 23.85910034 5.83199978 3.000000 3.000000
4.29510021 23.30430031 5.47660017 3.000000 3.000000
4.28970003 23.98390007 5.87360001 3.000000 3.000000
4.29659986 23.19409943 5.37249994 3.000000 3.000000
4.29080009 23.84630013 5.80140018 3.000000 3.000000
4.29530001 23.21999931 5.43050003 3.000000 3.000000
4.29559994 23.17849922 5.40780020 3.000000 3.000000
4.29659986 23.12849998 5.36819983 3.000000 3.000000
4.28399992 24.19930077 6.06470013 3.000000 3.000000
4.29460001 23.41950035 5.52829981 3.000000 3.000000
4.29290009 23.63069916 5.64039993 3.000000 3.000000
4.29670000 23.14469910 5.34049988 3.000000 3.000000
4.29239988 23.59449959 5.67649984 3.000000 3.000000
4.28830004 24.13719940 5.97650003 3.000000 3.000000
4.29500008 23.41900063 5.50000000 3.000000 3.000000
4.27050018 23.82099915 5.85120010 3.000000 3.000000
4.29600000 23.25149918 5.40110016 3.000000 3.000000
4.29670000 23.28470039 5.37919998 3.000000 3.000000
4.29400015 23.64660072 5.61759996 3.000000 3.000000
4.29279995 23.74230003 5.71420002 3.000000 3.000000
4.29160023 23.79010010 5.80760002 3.000000 3.000000
4.28849983 24.12649918 5.94880009 3.000000 3.000000
4.29449987 23.41020012 5.51079988 3.000000 3.000000
4.29260015 23.65810013 5.66590023 3.000000 3.000000
4.28950024 23.97389984 5.88460016 3.000000 3.000000
4.29129982 23.83609962 5.76739979 3.000000 3.000000
4.28959990 23.92620087 5.88719988 3.000000 3.000000
4.29479980 23.44630051 5.51060009 3.000000 3.000000
4.29640007 23.25099945 5.35990000 3.000000 3.000000
4.28789997 23.48380089 5.62669992 3.000000 3.000000
4.28359985 24.26239967 6.03590012 3.000000 3.000000
4.29129982 23.76370049 5.80420017 3.000000 3.000000
4.28179979 24.37249947 6.16849995 3.000000 3.000000
4.28170013 24.40080070 6.20769978 3.000000 3.000000
4.28529978 24.07239914 5.93020010 3.000000 3.000000
4.29260015 23.78870010 5.71840000 3.000000 3.000000
4.29160023 23.79010010 5.82240009 3.000000 3.000000
4.29370022 23.47419930 5.60659981 3.000000 3.000000
4.29199982 23.70509911 5.72860003 3.000000 3.000000
4.28669977 23.87260056 5.81389999 3.000000 3.000000
4.29349995 23.67370033 5.63570023 3.000000 3.000000
4.29600000 23.32119942 5.40689993 3.000000 3.000000
4.29689980 23.09539986 5.33549976 3.000000 3.000000
4.29500008 23.26930046 5.47009993 3.000000 3.000000
4.29290009 23.58489990 5.67250013 3.000000 3.000000
4.29540014 23.32189941 5.44869995 3.000000 3.000000
4.29610014 23.15390015 5.37790012 3.000000 3.000000
4.29050016 23.87570000 5.88079977 3.000000 3.000000
4.29300022 23.60379982 5.68009996 3.000000 3.000000
4.29040003 23.87570000 5.87330008 3.000000 3.000000
4.28940010 23.98430061 5.91919994 3.000000 3.000000
4.26999998 23.84449959 5.86649990 3.000000 3.000000
4.29430008 23.49150085 5.54239988 3.000000 3.000000
4.29629993 23.39119911 5.44710016 3.000000 3.000000
4.29239988 23.64010048 5.70940018 3.000000 3.000000
4.28130007 23.89349937 5.77519989 3.000000 3.000000
4.28380013 24.18560028 6.07229996 3.000000 3.000000
4.29120016 23.80900002 5.77120018 3.000000 3.000000
4.29269981 23.63969994 5.68739986 3.000000 3.000000
4.28620005 23.93330002 5.88959980 3.000000 3.000000
4.29199982 23.70509911 5.75050020 3.000000 3.000000
4.28889990 24.03300095 5.94750023 3.000000 3.000000
4.28919983 24.07250023 5.91830015 3.000000 3.000000
4.29519987 23.27829933 5.48729992 3.000000 3.000000
4.29680014 23.23340034 5.34639978 3.000000 3.000000
4.28569984 23.98439980 5.90059996 3.000000 3.000000
4.30609989 23.62269974 5.73929977 3.000000 3.000000
4.31570005 23.59770012 5.72209978 3.000000 3.000000
4.24779987 23.54240036 5.68590021 3.000000 3.000000
4.26620007 23.54549980 5.68639994 3.000000 3.000000
4.30030012 23.54540062 5.68709993 3.000000 3.000000
4.30999994 23.51849937 5.67000008 3.000000 3.000000
4.25040007 23.49180031 5.65150023 3.000000 3.000000
4.31850004 23.49209976 5.65290022 3.000000 3.000000
4.25979996 23.46570015 5.63439989 3.000000 3.000000
4.31160021 23.41570091 5.60129976 3.000000 3.000000
4.32830000 23.41600037 5.60160017 3.000000 3.000000
4.30399990 23.39019966 5.58409977 3.000000 3.000000
4.24860001 23.31139946 5.53189993 3.000000 3.000000
4.26529980 23.31270027 5.53230000 3.000000 3.000000
4.27309990 23.28619957 5.51550007 3.000000 3.000000
4.28240013 23.26239967 5.49889994 3.000000 3.000000
4.25829983 23.23679924 5.48159981 3.000000 3.000000
4.26690006 23.21059990 5.46490002 3.000000 3.000000
4.25950003 23.18569946 5.44799995 3.000000 3.000000
4.28910017 24.00480080 5.92030001 3.000000 3.000000
4.29180002 23.68560028 5.74989986 3.000000 3.000000
4.27979994 24.03009987 5.86679983 3.000000 3.000000
4.28929996 24.04310036 5.94399977 3.000000 3.000000
4.29680014 23.07990074 5.34320021 3.000000 3.000000
4.27419996 24.08889961 6.02670002 3.000000 3.000000
4.29470015 23.40990067 5.50360012 3.000000 3.000000
4.29440022 23.41979980 5.53560019 3.000000 3.000000
4.29689980 23.16939926 5.35629988 3.000000 3.000000
4.28970003 23.98399925 5.91139984 3.000000 3.000000
4.28039980 24.50670052 6.21040010 3.000000 3.000000
4.28859997 24.05380058 5.96400023 3.000000 3.000000
4.30819988 22.94429970 5.32219982 3.000000 3.000000
4.29379988 23.49209976 5.59240007 3.000000 3.000000
4.28119993 24.44129944 6.17350006 3.000000 3.000000
4.29360008 23.61980057 5.64309978 3.000000 3.000000
4.28420019 24.12030029 6.00419998 3.000000 3.000000
4.29370022 23.51779938 5.60249996 3.000000 3.000000
4.28090000 24.49390030 6.25129986 3.000000 3.000000
4.29530001 23.33989906 5.45559978 3.000000 3.000000
4.29309988 23.56489944 5.62139988 3.000000 3.000000
4.29040003 23.94529915 5.83479977 3.000000 3.000000
4.29209995 23.64920044 5.71309996 3.000000 3.000000
4.28399992 24.16060066 5.95979977 3.000000 3.000000
4.29349995 23.54570007 5.62080002 3.000000 3.000000
4.28459978 24.12059975 6.01510000 3.000000 3.000000
4.28879976 24.09379959 6.01940012 3.000000 3.000000
4.29619980 23.17779922 5.38009977 3.000000 3.000000
4.29379988 23.58359909 5.61429977 3.000000 3.000000
4.29260015 23.74259949 5.72900009 3.000000 3.000000
4.29260015 23.68440056 5.66190004 3.000000 3.000000
4.29120016 23.82789993 5.85309982 3.000000 3.000000
4.29139996 23.75460052 5.73420000 3.000000 3.000000
4.29460001 23.41959953 5.54239988 3.000000 3.000000
4.29220009 23.81749916 5.84849977 3.000000 3.000000
4.28819990 23.73480034 5.76450014 3.000000 3.000000
4.28989983 23.95490074 5.91429996 3.000000 3.000000
4.28800011 24.15699959 5.97730017 3.000000 3.000000
4.28919983 24.11450005 5.95889997 3.000000 3.000000
4.29680014 23.16099930 5.36000013 3.000000 3.000000
4.28469992 24.12080002 5.98320007 3.000000 3.000000
4.29230022 23.69420052 5.76060009 3.000000 3.000000
4.27820015 24.10330009 6.03090000 3.000000 3.000000
4.29619980 23.24250031 5.39760017 3.000000 3.000000
4.37179995 22.94680023 5.31500006 3.000000 3.000000
4.29640007 23.17760086 5.42080021 3.000000 3.000000
4.29440022 23.33230019 5.51550007 3.000000 3.000000
4.29279995 23.69350052 5.71630001 3.000000 3.000000
4.28170013 24.41559982 6.17850018 3.000000 3.000000
4.29570007 23.35790062 5.46239996 3.000000 3.000000
4.28410006 24.28829956 6.05259991 3.000000 3.000000
4.28800011 23.78739929 5.74420023 3.000000 3.000000
4.28730011 23.87310028 5.79320002 3.000000 3.000000
4.29619980 23.25130081 5.38730001 3.000000 3.000000
4.29379988 23.52750015 5.61350012 3.000000 3.000000
4.28700018 23.88470078 5.78509998 3.000000 3.000000
4.29470015 23.48130035 5.54530001 3.000000 3.000000
4.29169989 23.79999924 5.73789978 3.000000 3.000000
4.28840017 24.14629936 6.00339985 3.000000 3.000000
4.29110003 23.80929947 5.83799982 3.000000 3.000000
4.28989983 24.06100082 5.89809990 3.000000 3.000000
4.29040003 23.94529915 5.84229994 3.000000 3.000000
4.28819990 24.15679932 5.98479986 3.000000 3.000000
4.29479980 23.40139961 5.53520012 3.000000 3.000000
4.29069996 23.90489960 5.85550022 3.000000 3.000000
4.29390001 23.50009918 5.57420015 3.000000 3.000000
4.29190016 23.81769943 5.75239992 3.000000 3.000000
4.29220009 23.74320030 5.78070021 3.000000 3.000000
4.28149986 24.45479965 6.18760014 3.000000 3.000000
4.29099989 23.85549927 5.79769993 3.000000 3.000000
4.28980017 23.99399948 5.90040016 3.000000 3.000000
4.29029989 23.84709930 5.81669998 3.000000 3.000000
4.29099989 23.90439987 5.84019995 3.000000 3.000000
4.29530001 23.23530006 5.44999981 3.000000 3.000000
4.29239988 23.71400070 5.69560003 3.000000 3.000000
4.28940010 24.01359940 5.96960020 3.000000 3.000000
4.25199986 23.81710052 5.85620022 3.000000 3.000000
4.29680014 23.20940018 5.33739996 3.000000 3.000000
4.29610014 23.36490059 5.45100021 3.000000 3.000000
4.26090002 24.42250061 6.25120020 3.000000 3.000000
4.28090000 24.46739960 6.23409986 3.000000 3.000000
4.27979994 24.50600052 6.24289989 3.000000 3.000000
4.29349995 23.60309982 5.63649988 3.000000 3.000000
4.29489994 23.33169937 5.48719978 3.000000 3.000000
4.28230000 24.32640076 6.15799999 3.000000 3.000000
4.29659986 23.06360054 5.33050013 3.000000 3.000000
4.28770018 23.85989952 5.78009987 3.000000 3.000000
4.29169989 23.75410080 5.70469999 3.000000 3.000000
4.29260015 23.77099991 5.72590017 3.000000 3.000000
4.28980017 23.99399948 5.96120024 3.000000 3.000000
4.29349995 23.57410049 5.62489986 3.000000 3.000000
4.29640007 23.11149979 5.37540007 3.000000 3.000000
4.29710007 23.18519974 5.34189987 3.000000 3.000000
4.29339981 23.50079918 5.61009979 3.000000 3.000000
4.29059982 23.88419914 5.84689999 3.000000 3.000000
4.28140020 24.49449921 6.19689989 3.000000 3.000000
4.29180002 23.75399971 5.71199989 3.000000 3.000000
4.35799980 22.94680023 5.30639982 3.000000 3.000000
4.29029989 23.92519951 5.81160021 3.000000 3.000000
4.29619980 23.18639946 5.40369987 3.000000 3.000000
4.27589989 23.94860077 5.93249989 3.000000 3.000000
4.28879976 24.00530052 5.95860004 3.000000 3.000000
4.28569984 24.06019974 5.93820000 3.000000 3.000000
4.29110003 23.87479973 5.84280014 3.000000 3.000000
4.29279995 23.61260033 5.71260023 3.000000 3.000000
4.29549980 23.39229965 5.48260021 3.000000 3.000000
4.28429985 24.17350006 5.97340012 3.000000 3.000000
4.29559994 23.22739983 5.43319988 3.000000 3.000000
4.29400015 23.55419922 5.58120012 3.000000 3.000000
4.28119993 24.42849922 6.23589993 3.000000 3.000000
4.28170013 24.41559982 6.15679979 3.000000 3.000000
4.29720020 23.20899963 5.35750008 3.000000 3.000000
4.29059982 23.91539955 5.81500006 3.000000 3.000000
4.29279995 23.69350052 5.70179987 3.000000 3.000000
4.29379988 23.52739906 5.60629988 3.000000 3.000000
4.29090023 23.94459915 5.81949997 3.000000 3.000000
4.28980017 24.04229927 5.89790010 3.000000 3.000000
4.28620005 23.99659920 5.93499994 3.000000 3.000000
4.29069996 23.88409996 5.85430002 3.000000 3.000000
4.28079987 24.46730042 6.22310019 3.000000 3.000000
4.28569984 24.07279968 5.90920019 3.000000 3.000000
4.29180002 23.77219963 5.78539991 3.000000 3.000000
4.29549980 23.25219917 5.42210007 3.000000 3.000000
4.28219986 24.00620079 5.85169983 3.000000 3.000000
4.29239988 23.77140045 5.74079990 3.000000 3.000000
4.29619980 23.22660065 5.39160013 3.000000 3.000000
4.29190016 23.72470093 5.74389982 3.000000 3.000000
4.29419994 23.44709969 5.58150005 3.000000 3.000000
4.29650021 23.17740059 5.35949993 3.000000 3.000000
4.29180002 23.93300056 5.80690002 3.000000 3.000000
4.29320002 23.55529976 5.64620018 3.000000 3.000000
4.29120016 23.75489998 5.80060005 3.000000 3.000000
4.29619980 23.21890068 5.38189983 3.000000 3.000000
4.29589987 23.31250000 5.41050005 3.000000 3.000000
4.29080009 23.78240013 5.78989983 3.000000 3.000000
4.29330015 23.50110054 5.63159990 3.000000 3.000000
4.29300022 23.66559982 5.68319988 3.000000 3.000000
4.28889990 24.03300095 5.93230009 3.000000 3.000000
4.29540014 23.32200050 5.46260023 3.000000 3.000000
4.28620005 23.93339920 5.84759998 3.000000 3.000000
4.29670000 23.27630043 5.37599993 3.000000 3.000000
4.29530001 23.34930038 5.43149996 3.000000 3.000000
4.28940010 24.08279991 5.96850014 3.000000 3.000000
4.28779984 23.73450089 5.74359989 3.000000 3.000000
4.29460001 23.55360031 5.67369986 3.000000 3.000000
4.28959990 24.06139946 5.92119980 3.000000 3.000000
4.33640003 22.94720078 5.30709982 3.000000 3.000000
4.26319981 24.02739906 5.98899984 3.000000 3.000000
4.23140001 24.87800026 6.56750011 3.000000 3.000000
4.21780014 24.85849953 6.55439997 3.000000 3.000000
4.21519995 24.85400009 6.55179977 3.000000 3.000000
4.21269989 24.84499931 6.54890013 3.000000 3.000000
4.21899986 24.84099960 6.55359983 3.000000 3.000000
4.24179983 24.87929916 6.56860018 3.000000 3.000000
4.23449993 24.86980057 6.56169987 3.000000 3.000000
4.23120022 24.86440086 6.55840015 3.000000 3.000000
4.22069979 24.84989929 6.54839993 3.000000 3.000000
4.21339989 24.83589935 6.54110003 3.000000 3.000000
4.25540018 24.88570023 6.57280016 3.000000 3.000000
4.23890018 24.86109924 6.55690002 3.000000 3.000000
4.22879982 24.84700012 6.54729986 3.000000 3.000000
4.22399998 24.84160042 6.54290009 3.000000 3.000000
4.22039986 24.83679962 6.53950024 3.000000 3.000000
4.21220016 25.08239937 6.55450010 3.000000 3.000000
4.24870014 24.86230087 6.55749989 3.000000 3.000000
4.24119997 24.85239983 6.55049992 3.000000 3.000000
4.23880005 24.84819984 6.54809999 3.000000 3.000000
4.23390007 24.84280014 6.54360008 3.000000 3.000000
4.22359991 24.82830048 6.53389978 3.000000 3.000000
4.22109985 24.82390022 6.53140020 3.000000 3.000000
4.21430016 24.80929947 6.52449989 3.000000 3.000000
4.23479986 25.11260033 6.56920004 3.000000 3.000000
4.22599983 25.09300041 6.55959988 3.000000 3.000000
4.22370005 25.08849907 6.55709982 3.000000 3.000000
4.21670008 25.07850075 6.55009985 3.000000 3.000000
4.21449995 25.07379913 6.54780006 3.000000 3.000000
4.21299982 25.06870079 6.54589987 3.000000 3.000000
4.27050018 24.88759995 6.57030010 3.000000 3.000000
4.24399996 24.84410095 6.54449987 3.000000 3.000000
4.24139977 24.83930016 6.54190016 3.000000 3.000000
4.21740007 24.80509949 6.51919985 3.000000 3.000000
4.24170017 25.11800003 6.56809998 3.000000 3.000000
4.23400021 25.09020042 6.55810022 3.000000 3.000000
4.22709990 25.08020020 6.55130005 3.000000 3.000000
4.22399998 25.07530022 6.54809999 3.000000 3.000000
4.21350002 25.05940056 6.53770018 3.000000 3.000000
4.27449989 24.93379974 6.57119989 3.000000 3.000000
4.26399994 24.86000061 6.55480003 3.000000 3.000000
4.26100016 24.85479927 6.55189991 3.000000 3.000000
4.25199986 24.84049988 6.54320002 3.000000 3.000000
4.22020006 24.79689980 6.51340008 3.000000 3.000000
4.25260019 25.11560059 6.56899977 3.000000 3.000000
4.25419998 25.10659981 6.56899977 3.000000 3.000000
4.21409988 25.04080009 6.52839994 3.000000 3.000000
4.27430010 24.99259949 6.57040024 3.000000 3.000000
4.27619982 24.94770050 6.56669998 3.000000 3.000000
4.27619982 24.93409920 6.56519985 3.000000 3.000000
4.27629995 24.92460060 6.56419992 3.000000 3.000000
4.27670002 24.91119957 6.56300020 3.000000 3.000000
4.27659988 24.89290047 6.56099987 3.000000 3.000000
4.27479982 24.87890053 6.55800009 3.000000 3.000000
4.27320004 24.86969948 6.55579996 3.000000 3.000000
4.25829983 24.83699989 6.54050016 3.000000 3.000000
4.24770021 24.82209969 6.53049994 3.000000 3.000000
4.22730017 24.79299927 6.51140022 3.000000 3.000000
4.21549988 24.77339935 6.50000000 3.000000 3.000000
4.25829983 25.12080002 6.56680012 3.000000 3.000000
4.24090004 25.07320023 6.54659986 3.000000 3.000000
4.22930002 25.05669975 6.53520012 3.000000 3.000000
4.21980000 25.04170036 6.52570009 3.000000 3.000000
4.21509981 25.02840042 6.52019978 3.000000 3.000000
4.27600002 24.96459961 6.56110001 3.000000 3.000000
4.27600002 24.95219994 6.55959988 3.000000 3.000000
4.27600002 24.93409920 6.55760002 3.000000 3.000000
4.27619982 24.90670013 6.55469990 3.000000 3.000000
4.27680016 24.88389969 6.55270004 3.000000 3.000000
4.27580023 24.87000084 6.55049992 3.000000 3.000000
4.27260017 24.85239983 6.54610014 3.000000 3.000000
4.26389980 24.83309937 6.53719997 3.000000 3.000000
4.25040007 24.81349945 6.52440023 3.000000 3.000000
4.24730015 24.80850029 6.52150011 3.000000 3.000000
4.24020004 24.79920006 6.51490021 3.000000 3.000000
4.22849989 24.78400040 6.50419998 3.000000 3.000000
4.22340012 24.77420044 6.49910021 3.000000 3.000000
4.21880007 24.76919937 6.49499989 3.000000 3.000000
4.26819992 25.10000038 6.56449986 3.000000 3.000000
4.26520014 25.09530067 6.56150007 3.000000 3.000000
4.22709990 25.03870010 6.52370024 3.000000 3.000000
4.27640009 24.97380066 6.55509996 3.000000 3.000000
4.27600002 24.96039963 6.55319977 3.000000 3.000000
4.27580023 24.91979980 6.54850006 3.000000 3.000000
4.27689981 24.89299965 6.54640007 3.000000 3.000000
4.27460003 24.84779930 6.53989983 3.000000 3.000000
4.26879978 24.82959938 6.53340006 3.000000 3.000000
4.22559977 24.76619911 6.49289989 3.000000 3.000000
4.22219992 24.76090050 6.48960018 3.000000 3.000000
4.27829981 25.11989975 6.56769991 3.000000 3.000000
4.27860022 25.10169983 6.56549978 3.000000 3.000000
4.27169991 25.09210014 6.55870008 3.000000 3.000000
4.26900005 25.08699989 6.55600023 3.000000 3.000000
4.25099993 25.06010056 6.53809977 3.000000 3.000000
4.23699999 25.04019928 6.52449989 3.000000 3.000000
4.21829987 25.01119995 6.50589991 3.000000 3.000000
4.21540022 25.00259972 6.50260019 3.000000 3.000000
4.27610016 24.97380066 6.54740000 3.000000 3.000000
4.27629995 24.93429947 6.54309988 3.000000 3.000000
4.27589989 24.89789963 6.53870010 3.000000 3.000000
4.27650023 24.88389969 6.53770018 3.000000 3.000000
4.27570009 24.84350014 6.53289986 3.000000 3.000000
4.27159977 24.82489967 6.52780008 3.000000 3.000000
4.27029991 24.81999969 6.52629995 3.000000 3.000000
4.26340008 24.80629921 6.51949978 3.000000 3.000000
4.24900007 24.78630066 6.50610018 3.000000 3.000000
4.23839998 24.77140045 6.49630022 3.000000 3.000000
4.23159981 24.76189995 6.48999977 3.000000 3.000000
4.22139978 24.74690056 6.48050022 3.000000 3.000000
4.21799994 24.74189949 6.47730017 3.000000 3.000000
4.28739977 25.09889984 6.56470013 3.000000 3.000000
4.27960014 25.08869934 6.55719995 3.000000 3.000000
4.27650023 25.08379936 6.55410004 3.000000 3.000000
4.27190018 25.07819939 6.54960012 3.000000 3.000000
4.25070000 25.04649925 6.52880001 3.000000 3.000000
4.23799992 25.02739906 6.51630020 3.000000 3.000000
4.22809982 25.01269913 6.50659990 3.000000 3.000000
4.21540022 24.98880005 6.49359989 3.000000 3.000000
4.27540016 24.95649910 6.53739977 3.000000 3.000000
4.27619982 24.93429947 6.53560019 3.000000 3.000000
4.27650023 24.90690041 6.53280020 3.000000 3.000000
4.27650023 24.89310074 6.53130007 3.000000 3.000000
4.27640009 24.88400078 6.53030014 3.000000 3.000000
4.27680016 24.86599922 6.52869987 3.000000 3.000000
4.27670002 24.85689926 6.52769995 3.000000 3.000000
4.27759981 24.84830093 6.52750015 3.000000 3.000000
4.27699995 24.83930016 6.52619982 3.000000 3.000000
4.27510023 24.82539940 6.52330017 3.000000 3.000000
4.27159977 24.81130028 6.51919985 3.000000 3.000000
4.26310015 24.79260063 6.51060009 3.000000 3.000000
4.25939989 24.78750038 6.50719976 3.000000 3.000000
4.22030020 24.73279953 6.47109985 3.000000 3.000000
4.29409981 25.12260056 6.56570005 3.000000 3.000000
4.29850006 25.10070038 6.56629992 3.000000 3.000000
4.29370022 25.09560013 6.56180000 3.000000 3.000000
4.27580023 25.06929970 6.54419994 3.000000 3.000000
4.26879978 25.05870056 6.53730011 3.000000 3.000000
4.25489998 25.03829956 6.52370024 3.000000 3.000000
4.24860001 25.02899933 6.51749992 3.000000 3.000000
4.23829985 25.01420021 6.50750017 3.000000 3.000000
4.23549986 25.01000023 6.50479984 3.000000 3.000000
4.21810007 24.98480034 6.48789978 3.000000 3.000000
4.21579981 24.97979927 6.48559999 3.000000 3.000000
4.21560001 24.97480011 6.48479986 3.000000 3.000000
4.27589989 24.93429947 6.52790022 3.000000 3.000000
4.27650023 24.91550064 6.52640009 3.000000 3.000000
4.27629995 24.90690041 6.52530003 3.000000 3.000000
4.27619982 24.88870049 6.52320004 3.000000 3.000000
4.27650023 24.87929916 6.52250004 3.000000 3.000000
4.27659988 24.86599922 6.52120018 3.000000 3.000000
4.27729988 24.83480072 6.51859999 3.000000 3.000000
4.27519989 24.81180000 6.51469994 3.000000 3.000000
4.26730013 24.78840065 6.50619984 3.000000 3.000000
4.26529980 24.78359985 6.50419998 3.000000 3.000000
4.24840021 24.75880051 6.48850012 3.000000 3.000000
4.23029995 24.73390007 6.47189999 3.000000 3.000000
4.22660017 24.72920036 6.46850014 3.000000 3.000000
4.30870008 25.10239983 6.56720018 3.000000 3.000000
4.29029989 25.07620049 6.54920006 3.000000 3.000000
4.28609991 25.07089996 6.54519987 3.000000 3.000000
4.27209997 25.04980087 6.53140020 3.000000 3.000000
4.26539993 25.03989983 6.52479982 3.000000 3.000000
4.21729994 24.97030067 6.47830009 3.000000 3.000000
4.27580023 24.92970085 6.51999998 3.000000 3.000000
4.27640009 24.91559982 6.51889992 3.000000 3.000000
4.27629995 24.90699959 6.51789999 3.000000 3.000000
4.27619982 24.89310074 6.51639986 3.000000 3.000000
4.27670002 24.85700035 6.51300001 3.000000 3.000000
4.27740002 24.83480072 6.51130009 3.000000 3.000000
4.27740002 24.81669998 6.50950003 3.000000 3.000000
4.27510023 24.79840088 6.50600004 3.000000 3.000000
4.27269983 24.78899956 6.50320005 3.000000 3.000000
4.26980019 24.77930069 6.50000000 3.000000 3.000000
4.26140022 24.76510048 6.49200010 3.000000 3.000000
4.25860023 24.75989914 6.48939991 3.000000 3.000000
4.24030018 24.73489952 6.47259998 3.000000 3.000000
4.23320007 24.72529984 6.46610022 3.000000 3.000000
4.22970009 24.72089958 6.46299982 3.000000 3.000000
4.31129980 25.09379959 6.56059980 3.000000 3.000000
4.28249979 25.05139923 6.53240013 3.000000 3.000000
4.26980019 25.03219986 6.51999998 3.000000 3.000000
4.23559999 24.98270035 6.48699999 3.000000 3.000000
4.23159981 24.97710037 6.48309994 3.000000 3.000000
4.27549982 24.92480087 6.51179981 3.000000 3.000000
4.27619982 24.91559982 6.51140022 3.000000 3.000000
4.27629995 24.90250015 6.51009989 3.000000 3.000000
4.27629995 24.89319992 6.50909996 3.000000 3.000000
4.27629995 24.88409996 6.50810003 3.000000 3.000000
4.27710009 24.86619949 6.50689983 3.000000 3.000000
4.27650023 24.85309982 6.50509977 3.000000 3.000000
4.27680016 24.83069992 6.50309992 3.000000 3.000000
4.27740002 24.79870033 6.50050020 3.000000 3.000000
4.27129984 24.77109909 6.49310017 3.000000 3.000000
4.26940012 24.76600075 6.49109983 3.000000 3.000000
4.26420021 24.75580025 6.48610020 3.000000 3.000000
4.23619986 24.71680069 6.46059990 3.000000 3.000000
4.22499990 24.70269966 6.45050001 3.000000 3.000000
4.32560015 25.10079956 6.56529999 3.000000 3.000000
4.31430006 25.08499908 6.55439997 3.000000 3.000000
4.31180000 25.07959938 6.55170012 3.000000 3.000000
4.30060005 25.06369972 6.54080009 3.000000 3.000000
4.29699993 25.05839920 6.53739977 3.000000 3.000000
4.28310013 25.03879929 6.52390003 3.000000 3.000000
4.27619982 25.02899933 6.51719999 3.000000 3.000000
4.27360010 25.02440071 6.51459980 3.000000 3.000000
4.24609995 24.98419952 6.48810005 3.000000 3.000000
4.23479986 24.96829987 6.47730017 3.000000 3.000000
4.23120022 24.96349907 6.47389984 3.000000 3.000000
4.21579981 24.94000053 6.45900011 3.000000 3.000000
4.27570009 24.91150093 6.50320005 3.000000 3.000000
4.27680016 24.86619949 6.49930000 3.000000 3.000000
4.27670002 24.83480072 6.49609995 3.000000 3.000000
4.27740002 24.80809975 6.49410009 3.000000 3.000000
4.27759981 24.79430008 6.49289989 3.000000 3.000000
4.27370024 24.76650047 6.48729992 3.000000 3.000000
4.26639986 24.74690056 6.47980022 3.000000 3.000000
4.25320005 24.72730064 6.46770000 3.000000 3.000000
4.23479986 24.70369911 6.45109987 3.000000 3.000000
4.32259989 25.08130074 6.55299997 3.000000 3.000000
4.29969978 25.04990005 6.53100014 3.000000 3.000000
4.29379988 25.04050064 6.52519989 3.000000 3.000000
4.28009987 25.02050018 6.51200008 3.000000 3.000000
4.24870014 24.97480011 6.48169994 3.000000 3.000000
4.24499989 24.96969986 6.47819996 3.000000 3.000000
4.23449993 24.95509911 6.46829987 3.000000 3.000000
4.22480011 24.94120026 6.45900011 3.000000 3.000000
4.21770000 24.93099976 6.45230007 3.000000 3.000000
4.27619982 24.89329910 6.49429989 3.000000 3.000000
4.27650023 24.88419914 6.49359989 3.000000 3.000000
4.27580023 24.87039948 6.49160004 3.000000 3.000000
4.27680016 24.85709953 6.49100018 3.000000 3.000000
4.27670002 24.84840012 6.49009991 3.000000 3.000000
4.27659988 24.82579994 6.48780012 3.000000 3.000000
4.27699995 24.81220055 6.48680019 3.000000 3.000000
4.27759981 24.79879951 6.48600006 3.000000 3.000000
4.27729988 24.78960037 6.48500013 3.000000 3.000000
4.27629995 24.76189995 6.48159981 3.000000 3.000000
4.27040005 24.74259949 6.47529984 3.000000 3.000000
4.26560020 24.73310089 6.47069979 3.000000 3.000000
4.25279999 24.71400070 6.45889997 3.000000 3.000000
4.24170017 24.69989967 6.44899988 3.000000 3.000000
4.23839998 24.69479942 6.44589996 3.000000 3.000000
4.23159981 24.68499947 6.43979979 3.000000 3.000000
4.32830000 25.07760048 6.54960012 3.000000 3.000000
4.32480001 25.07180023 6.54610014 3.000000 3.000000
4.32180023 25.06699944 6.54309988 3.000000 3.000000
4.31799984 25.06170082 6.53950024 3.000000 3.000000
4.31020021 25.05159950 6.53210020 3.000000 3.000000
4.30700016 25.04630089 6.52890015 3.000000 3.000000
4.30100012 25.03700066 6.52309990 3.000000 3.000000
4.29740000 25.03230095 6.51959991 3.000000 3.000000
4.29419994 25.02750015 6.51650000 3.000000 3.000000
4.29040003 25.02210045 6.51280022 3.000000 3.000000
4.27309990 24.99720001 6.49630022 3.000000 3.000000
4.26620007 24.98710060 6.48969984 3.000000 3.000000
4.25850010 24.97620010 6.48229980 3.000000 3.000000
4.25209999 24.96649933 6.47609997 3.000000 3.000000
4.23180008 24.93740082 6.45679998 3.000000 3.000000
4.22679996 24.93219948 6.45230007 3.000000 3.000000
4.21789980 24.91749954 6.44369984 3.000000 3.000000
4.21589994 24.91250038 6.44150019 3.000000 3.000000
4.27659988 24.86619949 6.48449993 3.000000 3.000000
4.27670002 24.85720062 6.48360014 3.000000 3.000000
4.27650023 24.84840012 6.48260021 3.000000 3.000000
4.27710009 24.80809975 6.47919989 3.000000 3.000000
4.27720022 24.78960037 6.47760010 3.000000 3.000000
4.27750015 24.78030014 6.47690010 3.000000 3.000000
4.27799988 24.77199936 6.47660017 3.000000 3.000000
4.27570009 24.74790001 6.47270012 3.000000 3.000000
4.26959991 24.72900009 6.46619987 3.000000 3.000000
4.35510015 25.09149933 6.56500006 3.000000 3.000000
4.33540010 25.07349968 6.54720020 3.000000 3.000000
4.27659988 24.98859978 6.49069977 3.000000 3.000000
4.26219988 24.96789932 6.47690010 3.000000 3.000000
4.24849987 24.94890022 6.46390009 3.000000 3.000000
4.22359991 24.91349983 6.44049978 3.000000 3.000000
4.22030020 24.90859985 6.43730021 3.000000 3.000000
4.27680016 24.86210060 6.47690010 3.000000 3.000000
4.27650023 24.85330009 6.47580004 3.000000 3.000000
4.27729988 24.83510017 6.47459984 3.000000 3.000000
4.27710009 24.80820084 6.47189999 3.000000 3.000000
4.27780008 24.77580070 6.46950006 3.000000 3.000000
4.27740002 24.76700020 6.46840000 3.000000 3.000000
4.27820015 24.75740051 6.46810007 3.000000 3.000000
4.27729988 24.74810028 6.46659994 3.000000 3.000000
4.25829983 24.69669914 6.44740009 3.000000 3.000000
4.25320005 24.69129944 6.44290018 3.000000 3.000000
4.24459982 24.67720032 6.43499994 3.000000 3.000000
4.34280014 25.06559944 6.54460001 3.000000 3.000000
4.33599997 25.05970001 6.53849983 3.000000 3.000000
4.33190012 25.05489922 6.53469992 3.000000 3.000000
4.31809998 25.03540039 6.52150011 3.000000 3.000000
4.30609989 25.01609993 6.50969982 3.000000 3.000000
4.28329992 24.98460007 6.48810005 3.000000 3.000000
4.27549982 24.97410011 6.48080015 3.000000 3.000000
4.27229977 24.96940041 6.47770023 3.000000 3.000000
4.24160004 24.92550087 6.44869995 3.000000 3.000000
4.23339987 24.91480064 6.44099998 3.000000 3.000000
4.22329998 24.90060043 6.43160009 3.000000 3.000000
4.21810007 24.89109993 6.42649984 3.000000 3.000000
4.27689981 24.85339928 6.46890020 3.000000 3.000000
4.27710009 24.83970070 6.46770000 3.000000 3.000000
4.27680016 24.82589912 6.46610022 3.000000 3.000000
4.27740002 24.78980064 6.46309996 3.000000 3.000000
4.27780008 24.77210045 6.46180010 3.000000 3.000000
4.27780008 24.75289917 6.46010017 3.000000 3.000000
4.27790022 24.73880005 6.45900011 3.000000 3.000000
4.27699995 24.72979927 6.45749998 3.000000 3.000000
4.26079988 24.68770027 6.44140005 3.000000 3.000000
4.34340000 25.05190086 6.53590012 3.000000 3.000000
4.32840014 25.03700066 6.52239990 3.000000 3.000000
4.29769993 24.99169922 6.49289989 3.000000 3.000000
4.29339981 24.98600006 6.48890018 3.000000 3.000000
4.28259993 24.97080040 6.47860003 3.000000 3.000000
4.27269983 24.95660019 6.46929979 3.000000 3.000000
4.26980019 24.95190048 6.46640015 3.000000 3.000000
4.25750017 24.93639946 6.45510006 3.000000 3.000000
4.25570011 24.93199921 6.45319986 3.000000 3.000000
4.24840021 24.92160034 6.44630003 3.000000 3.000000
4.23360014 24.90189934 6.43260002 3.000000 3.000000
4.22009993 24.88209915 6.41989994 3.000000 3.000000
4.27680016 24.83099937 6.45919991 3.000000 3.000000
4.27759981 24.80380058 6.45730019 3.000000 3.000000
4.27729988 24.76219940 6.45330000 3.000000 3.000000
4.27759981 24.72100067 6.45009995 3.000000 3.000000
4.27510023 24.70759964 6.44700003 3.000000 3.000000
4.33020020 25.02420044 6.51480007 3.000000 3.000000
4.31559992 25.00349998 6.50089979 3.000000 3.000000
4.28679991 24.96240044 6.47370005 3.000000 3.000000
4.27589989 24.94829941 6.46360016 3.000000 3.000000
4.26200008 24.92819977 6.45039988 3.000000 3.000000
4.25850010 24.92300034 6.44710016 3.000000 3.000000
4.25040007 24.91259956 6.43959999 3.000000 3.000000
4.24790001 24.90819931 6.43720007 3.000000 3.000000
4.23780012 24.89360046 6.42770004 3.000000 3.000000
4.22660017 24.87829971 6.41730022 3.000000 3.000000
4.27750015 24.78989983 6.44859982 3.000000 3.000000
4.27750015 24.78050041 6.44780016 3.000000 3.000000
4.27750015 24.77210045 6.44710016 3.000000 3.000000
4.27829981 24.71660042 6.44299984 3.000000 3.000000
4.27729988 24.70789909 6.44150019 3.000000 3.000000
4.27610016 24.69840050 6.43970013 3.000000 3.000000
4.27400017 24.68899918 6.43730021 3.000000 3.000000
4.27010012 24.67950058 6.43349981 3.000000 3.000000
4.32600021 25.00499916 6.50190020 3.000000 3.000000
4.31529999 24.98920059 6.49170017 3.000000 3.000000
4.28609991 24.94969940 6.46439981 3.000000 3.000000
4.27850008 24.93930054 6.45730019 3.000000 3.000000
4.24090004 24.88470078 6.42199993 3.000000 3.000000
4.23680019 24.87960052 6.41820002 3.000000 3.000000
4.21899986 24.85540009 6.40189981 3.000000 3.000000
4.21579981 24.84630013 6.39849997 3.000000 3.000000
4.27670002 24.82130051 6.44369984 3.000000 3.000000
4.27689981 24.81240082 6.44299984 3.000000 3.000000
4.27750015 24.80389977 6.44269991 3.000000 3.000000
4.27720022 24.78050041 6.44029999 3.000000 3.000000
4.27769995 24.72999954 6.43629980 3.000000 3.000000
4.27850008 24.71669960 6.43580008 3.000000 3.000000
4.27449989 24.68000031 6.42980003 3.000000 3.000000
4.33309984 25.00160027 6.49970007 3.000000 3.000000
4.29330015 24.94580078 6.46220016 3.000000 3.000000
4.27129984 24.91539955 6.44169998 3.000000 3.000000
4.26849985 24.91090012 6.43909979 3.000000 3.000000
4.26440001 24.90589905 6.43529987 3.000000 3.000000
4.25320005 24.89069939 6.42500019 3.000000 3.000000
4.22559977 24.85140038 6.39940023 3.000000 3.000000
4.27750015 24.80389977 6.43540001 3.000000 3.000000
4.27750015 24.78540039 6.43370008 3.000000 3.000000
4.27780008 24.77219963 6.43279982 3.000000 3.000000
4.27750015 24.76230049 6.43170023 3.000000 3.000000
4.27829981 24.70809937 6.42780018 3.000000 3.000000
4.27780008 24.68479919 6.42549992 3.000000 3.000000
4.27720022 24.67589951 6.42439985 3.000000 3.000000
4.32730007 24.98150063 6.48540020 3.000000 3.000000
4.32429981 24.97669983 6.48260021 3.000000 3.000000
4.32100010 24.97150040 6.47940016 3.000000 3.000000
4.29890013 24.94210052 6.45889997 3.000000 3.000000
4.28140020 24.91670036 6.44250011 3.000000 3.000000
4.27139997 24.90229988 6.43319988 3.000000 3.000000
4.26340008 24.89209938 6.42589998 3.000000 3.000000
4.25309992 24.87700081 6.41620016 3.000000 3.000000
4.23549986 24.85260010 6.40010023 3.000000 3.000000
4.22819996 24.84309959 6.39340019 3.000000 3.000000
4.22559977 24.83830070 6.39090014 3.000000 3.000000
4.27780008 24.79000092 6.42710018 3.000000 3.000000
4.27720022 24.78059959 6.42579985 3.000000 3.000000
4.27759981 24.76239967 6.42449999 3.000000 3.000000
4.27780008 24.74850082 6.42350006 3.000000 3.000000
4.27790022 24.73010063 6.42199993 3.000000 3.000000
4.27850008 24.69879913 6.41989994 3.000000 3.000000
4.32800007 24.96820068 6.47709990 3.000000 3.000000
4.32469988 24.96380043 6.47410011 3.000000 3.000000
4.31430006 24.94869995 6.46430016 3.000000 3.000000
4.27839994 24.89889908 6.43100023 3.000000 3.000000
4.27349997 24.89340019 6.42659998 3.000000 3.000000
4.26690006 24.88339996 6.42040014 3.000000 3.000000
4.26020002 24.87389946 6.41429996 3.000000 3.000000
4.25299978 24.86380005 6.40759993 3.000000 3.000000
4.24370003 24.84970093 6.39900017 3.000000 3.000000
4.23229980 24.83480072 6.38859987 3.000000 3.000000
4.21640015 24.81049919 6.37389994 3.000000 3.000000
4.27759981 24.76729965 6.41769981 3.000000 3.000000
4.27769995 24.73469925 6.41499996 3.000000 3.000000
4.27799988 24.72130013 6.41410017 3.000000 3.000000
4.27810001 24.71269989 6.41349983 3.000000 3.000000
4.27799988 24.70359993 6.41270018 3.000000 3.000000
4.27780008 24.69379997 6.41179991 3.000000 3.000000
4.27850008 24.68490028 6.41160011 3.000000 3.000000
4.32530022 24.95019913 6.46570015 3.000000 3.000000
4.31939983 24.94490051 6.46059990 3.000000 3.000000
4.31339979 24.93519974 6.45489979 3.000000 3.000000
4.30579996 24.92449951 6.44780016 3.000000 3.000000
4.29570007 24.90999985 6.43830013 3.000000 3.000000
4.28870010 24.90019989 6.43190002 3.000000 3.000000
4.28140020 24.88990021 6.42519999 3.000000 3.000000
4.27370024 24.87960052 6.41809988 3.000000 3.000000
4.27059984 24.87529945 6.41529989 3.000000 3.000000
4.26599979 24.86969948 6.41109991 3.000000 3.000000
4.25950003 24.86039925 6.40509987 3.000000 3.000000
4.24870014 24.84560013 6.39519978 3.000000 3.000000
4.23799992 24.83090019 6.38549995 3.000000 3.000000
4.23589993 24.82659912 6.38350010 3.000000 3.000000
4.22049999 24.80640030 6.36950016 3.000000 3.000000
4.27780008 24.75769997 6.40980005 3.000000 3.000000
4.27820015 24.73019981 6.40780020 3.000000 3.000000
4.27769995 24.71269989 6.40590000 3.000000 3.000000
4.27829981 24.68050003 6.40390015 3.000000 3.000000
4.29530001 23.34000015 5.46950006 3.000000 3.000000
4.31640005 24.92589951 6.44890022 3.000000 3.000000
4.30550003 24.91130066 6.43889999 3.000000 3.000000
4.29920006 24.90159988 6.43289995 3.000000 3.000000
4.29360008 24.89599991 6.42799997 3.000000 3.000000
4.23379993 24.81259918 6.37330008 3.000000 3.000000
4.27790022 24.75779915 6.40269995 3.000000 3.000000
4.27810001 24.72620010 6.40019989 3.000000 3.000000
4.27820015 24.69400024 6.39760017 3.000000 3.000000
4.33029985 24.93260002 6.45300007 3.000000 3.000000
4.30459976 24.89739990 6.42950010 3.000000 3.000000
4.29790020 24.88739967 6.42320013 3.000000 3.000000
4.29370022 24.88220024 6.41940022 3.000000 3.000000
4.28420019 24.86770058 6.41060019 3.000000 3.000000
4.26620007 24.84320068 6.39419985 3.000000 3.000000
4.24450016 24.81380081 6.37459993 3.000000 3.000000
4.23000002 24.79420090 6.36149979 3.000000 3.000000
4.22660017 24.78940010 6.35839987 3.000000 3.000000
4.27790022 24.72139931 6.39239979 3.000000 3.000000
4.27799988 24.71279907 6.39179993 3.000000 3.000000
4.27799988 24.68499947 6.38959980 3.000000 3.000000
4.27810001 24.67620087 6.38899994 3.000000 3.000000
4.32630014 24.91399956 6.44070005 3.000000 3.000000
4.31990004 24.90430069 6.43470001 3.000000 3.000000
4.30840015 24.88870049 6.42420006 3.000000 3.000000
4.28389978 24.85460091 6.40180016 3.000000 3.000000
4.27860022 24.84919930 6.39720011 3.000000 3.000000
4.27279997 24.83959961 6.39169979 3.000000 3.000000
4.26590014 24.83020020 6.38549995 3.000000 3.000000
4.24720001 24.80540085 6.36870003 3.000000 3.000000
4.23169994 24.78540039 6.35480022 3.000000 3.000000
4.22049999 24.77039909 6.34480000 3.000000 3.000000
4.21680021 24.76129913 6.34110022 3.000000 3.000000
4.27750015 24.73489952 6.38600016 3.000000 3.000000
4.27850008 24.69899940 6.38390017 3.000000 3.000000
4.27839994 24.67630005 6.38199997 3.000000 3.000000
4.32229996 24.89520073 6.42829990 3.000000 3.000000
4.28639984 24.84560013 6.39569998 3.000000 3.000000
4.25400019 24.80170059 6.36649990 3.000000 3.000000
4.23909998 24.78170013 6.35309982 3.000000 3.000000
4.22849989 24.76749992 6.34359980 3.000000 3.000000
4.27799988 24.72150040 6.37809992 3.000000 3.000000
4.27839994 24.69409943 6.37629986 3.000000 3.000000
4.27829981 24.68070030 6.37510014 3.000000 3.000000
4.32229996 24.88170052 6.41970015 3.000000 3.000000
4.31069994 24.86669922 6.40929985 3.000000 3.000000
4.29659986 24.84690094 6.39639997 3.000000 3.000000
4.28889990 24.83699989 6.38950014 3.000000 3.000000
4.27780008 24.82180023 6.37960005 3.000000 3.000000
4.25710011 24.79290009 6.36089993 3.000000 3.000000
4.24919987 24.78280067 6.35379982 3.000000 3.000000
4.23490000 24.76320076 6.34110022 3.000000 3.000000
4.23070002 24.75790024 6.33739996 3.000000 3.000000
4.27869987 24.69910049 6.36969995 3.000000 3.000000
4.27820015 24.68519974 6.36819983 3.000000 3.000000
4.31440020 24.85840034 6.40409994 3.000000 3.000000
4.29890013 24.83819962 6.39020014 3.000000 3.000000
4.29650021 24.83379936 6.38789988 3.000000 3.000000
4.28809977 24.82299995 6.38040018 3.000000 3.000000
4.28399992 24.81839943 6.37680006 3.000000 3.000000
4.28079987 24.81329918 6.37389994 3.000000 3.000000
4.27740002 24.80890083 6.37080002 3.000000 3.000000
4.26940012 24.79870033 6.36369991 3.000000 3.000000
4.26669979 24.79389954 6.36119986 3.000000 3.000000
4.26149988 24.78870010 6.35680008 3.000000 3.000000
4.25920010 24.78389931 6.35449982 3.000000 3.000000
4.24809980 24.76959991 6.34469986 3.000000 3.000000
4.23729992 24.75390053 6.33500004 3.000000 3.000000
4.23280001 24.74900055 6.33109999 3.000000 3.000000
4.22170019 24.73390007 6.32130003 3.000000 3.000000
4.27860022 24.69420052 6.36210012 3.000000 3.000000
4.32460022 24.85960007 6.40479994 3.000000 3.000000
4.31710005 24.84930038 6.39799976 3.000000 3.000000
4.30919981 24.83939934 6.39099979 3.000000 3.000000
4.29419994 24.81959915 6.37760019 3.000000 3.000000
4.29129982 24.81450081 6.37489986 3.000000 3.000000
4.25000000 24.76000023 6.33820009 3.000000 3.000000
4.23950005 24.74510002 6.32889986 3.000000 3.000000
4.27839994 24.68530083 6.35400009 3.000000 3.000000
4.32760000 24.85059929 6.39900017 3.000000 3.000000
4.31710005 24.83620071 6.38959980 3.000000 3.000000
4.30469990 24.82080078 6.37860012 3.000000 3.000000
4.29799986 24.81119919 6.37260008 3.000000 3.000000
4.28709984 24.79619980 6.36280012 3.000000 3.000000
4.26840019 24.77179909 6.34630013 3.000000 3.000000
4.26410007 24.76639938 6.34240007 3.000000 3.000000
4.22329998 24.71209908 6.30660009 3.000000 3.000000
4.27829981 24.67189980 6.34579992 3.000000 3.000000
4.31500006 24.82189941 6.37939978 3.000000 3.000000
4.31110001 24.81679916 6.37599993 3.000000 3.000000
4.28910017 24.78720093 6.35629988 3.000000 3.000000
4.28130007 24.77700043 6.34950018 3.000000 3.000000
4.24090004 24.72299957 6.31389999 3.000000 3.000000
4.23369980 24.71310043 6.30749989 3.000000 3.000000
4.22279978 24.69899940 6.29799986 3.000000 3.000000
4.30749989 24.79850006 6.36429977 3.000000 3.000000
4.29990005 24.78840065 6.35760021 3.000000 3.000000
4.28439999 24.76849937 6.34399986 3.000000 3.000000
4.27239990 24.75320053 6.33339977 3.000000 3.000000
4.25099993 24.72400093 6.31459999 3.000000 3.000000
4.23610020 24.70479965 6.30170012 3.000000 3.000000
4.23269987 24.70000076 6.29869986 3.000000 3.000000
4.28700018 23.72109985 5.76130009 3.000000 3.000000
4.30100012 24.77910042 6.35050011 3.000000 3.000000
4.28679991 24.75909996 6.33780003 3.000000 3.000000
4.27440023 24.74399948 6.32709980 3.000000 3.000000
4.27199984 24.73909950 6.32480001 3.000000 3.000000
4.32280016 24.79549980 6.36140013 3.000000 3.000000
4.31650019 24.78540039 6.35570002 3.000000 3.000000
4.28389978 23.84460068 5.74469995 3.000000 3.000000
4.29629993 23.29369926 5.49989986 3.000000 3.000000
4.29600000 23.26029968 5.41809988 3.000000 3.000000
4.28189993 24.27319908 6.07009983 3.000000 3.000000
4.29510021 23.40940094 5.46840000 3.000000 3.000000
4.29120016 23.80900002 5.78590012 3.000000 3.000000
4.27799988 23.97750092 5.94990015 3.000000 3.000000
4.28959990 24.06139946 5.90590000 3.000000 3.000000
4.29290009 23.64800072 5.63290024 3.000000 3.000000
4.29090023 23.78230095 5.79729986 3.000000 3.000000
4.29339981 23.57439995 5.63219976 3.000000 3.000000
4.29260015 23.62109947 5.70160007 3.000000 3.000000
4.28989983 23.91650009 5.90560007 3.000000 3.000000
4.28910017 24.03269958 5.90929985 3.000000 3.000000
4.29309988 23.59339905 5.61840010 3.000000 3.000000
4.28690004 23.91029930 5.80100012 3.000000 3.000000
4.29559994 23.28630066 5.49030018 3.000000 3.000000
4.29400015 23.50849915 5.60580015 3.000000 3.000000
4.28929996 24.02239990 5.87459993 3.000000 3.000000
4.28070021 24.48049927 6.22620010 3.000000 3.000000
4.28959990 24.03190041 5.87849998 3.000000 3.000000
4.29619980 23.29360008 5.42390013 3.000000 3.000000
4.29300022 23.64809990 5.73420000 3.000000 3.000000
4.31360006 22.94669914 5.32119989 3.000000 3.000000
4.29559994 23.60029984 5.58459997 3.000000 3.000000
4.28389978 24.28800011 6.07399988 3.000000 3.000000
4.29400015 23.57349968 5.57460022 3.000000 3.000000
4.28060007 24.52000046 6.23549986 3.000000 3.000000
4.28819990 24.14640045 5.98040009 3.000000 3.000000
4.29400015 23.50839996 5.58449984 3.000000 3.000000
4.28940010 24.04290009 5.93629980 3.000000 3.000000
4.29010010 24.04179955 5.88999987 3.000000 3.000000
4.29680014 23.16110039 5.37360001 3.000000 3.000000
4.29640007 23.18610001 5.37629986 3.000000 3.000000
4.35790014 22.94689941 5.29979992 3.000000 3.000000
4.29059982 23.90500069 5.87050009 3.000000 3.000000
4.28329992 24.17239952 6.02629995 3.000000 3.000000
4.29390001 23.49200058 5.60650015 3.000000 3.000000
4.27139997 24.17490005 5.95989990 3.000000 3.000000
4.28499985 24.12120056 5.96199989 3.000000 3.000000
4.29589987 23.27739906 5.43839979 3.000000 3.000000
4.29659986 23.15329933 5.34369993 3.000000 3.000000
4.29309988 23.55540085 5.65339994 3.000000 3.000000
4.29110003 23.75499916 5.78590012 3.000000 3.000000
4.29090023 23.91530037 5.91239977 3.000000 3.000000
4.29519987 23.30410004 5.44890022 3.000000 3.000000
4.29059982 23.93470001 5.84539986 3.000000 3.000000
4.28469992 24.08340073 5.92180014 3.000000 3.000000
4.28879976 24.08370018 5.99970007 3.000000 3.000000
4.28800011 24.14690018 6.01929998 3.000000 3.000000
4.28940010 24.01359940 5.96199989 3.000000 3.000000
4.29619980 23.24250031 5.41130018 3.000000 3.000000
4.29129982 23.82760048 5.74919987 3.000000 3.000000
4.32079983 22.94720078 5.31899977 3.000000 3.000000
4.29339981 23.50090027 5.61730003 3.000000 3.000000
4.29580021 23.29420090 5.45870018 3.000000 3.000000
4.28560019 23.99600029 5.95590019 3.000000 3.000000
4.28630018 23.84639931 5.84999990 3.000000 3.000000
4.29430008 23.46529961 5.53219986 3.000000 3.000000
4.29670000 23.16119957 5.40759993 3.000000 3.000000
4.29440022 23.44689941 5.56020021 3.000000 3.000000
4.29489994 23.40119934 5.50719976 3.000000 3.000000
4.29510021 23.34980011 5.53599977 3.000000 3.000000
4.28249979 24.27379990 6.04890013 3.000000 3.000000
4.28299999 24.10770035 5.96920013 3.000000 3.000000
4.28350019 24.17270088 6.00500011 3.000000 3.000000
4.35010004 24.63209915 6.25019979 3.000000 3.000000
4.34980011 24.63669968 6.25379992 3.000000 3.000000
4.34649992 24.64349937 6.25769997 3.000000 3.000000
4.34980011 24.65119934 6.26319981 3.000000 3.000000
4.34959984 24.65579987 6.26630020 3.000000 3.000000
4.34899998 24.66010094 6.26889992 3.000000 3.000000
4.34849977 24.66460037 6.27220011 3.000000 3.000000
4.34910011 24.66979980 6.27540016 3.000000 3.000000
4.34840012 24.67399979 6.27850008 3.000000 3.000000
4.34840012 24.67869949 6.28060007 3.000000 3.000000
4.34800005 24.68320084 6.28429985 3.000000 3.000000
4.34719992 24.68729973 6.28709984 3.000000 3.000000
4.35039997 24.69000053 6.29010010 3.000000 3.000000
4.34789991 24.71559906 6.45599985 3.000000 3.000000
4.34779978 24.72039986 6.45949984 3.000000 3.000000
4.34480000 24.69490051 6.29160023 3.000000 3.000000
4.34889984 24.69799995 6.29379988 3.000000 3.000000
4.34800005 24.72529984 6.46299982 3.000000 3.000000
4.34789991 24.70210075 6.29710007 3.000000 3.000000
4.34259987 24.70249939 6.29600000 3.000000 3.000000
4.34819984 24.70700073 6.30030012 3.000000 3.000000
4.34539986 24.73290062 6.46710014 3.000000 3.000000
4.34299994 24.70779991 6.30039978 3.000000 3.000000
4.34929991 24.71260071 6.30439997 3.000000 3.000000
4.34730005 24.73920059 6.47189999 3.000000 3.000000
4.34929991 24.71719933 6.30670023 3.000000 3.000000
4.34730005 24.74379921 6.47429991 3.000000 3.000000
4.34350014 24.71759987 6.30719995 3.000000 3.000000
4.34880018 24.72150040 6.30940008 3.000000 3.000000
4.34630013 24.74810028 6.47800016 3.000000 3.000000
4.34870005 24.72599983 6.31209993 3.000000 3.000000
4.34159994 24.72550011 6.31160021 3.000000 3.000000
4.34849977 24.73069954 6.31580019 3.000000 3.000000
4.34480000 24.75650024 6.48260021 3.000000 3.000000
4.34880018 24.75939941 6.48570013 3.000000 3.000000
4.34119987 24.72990036 6.31440020 3.000000 3.000000
4.34849977 24.73530006 6.31869984 3.000000 3.000000
4.34880018 24.76429939 6.48969984 3.000000 3.000000
4.34149981 24.73480034 6.31759977 3.000000 3.000000
4.34889984 24.74020004 6.32189989 3.000000 3.000000
4.34250021 24.74040031 6.32189989 3.000000 3.000000
4.34840012 24.74469948 6.32560015 3.000000 3.000000
4.34450006 24.77070045 6.49219990 3.000000 3.000000
4.34779978 24.77319908 6.49529982 3.000000 3.000000
4.34969997 24.75020027 6.32900000 3.000000 3.000000
4.34250021 24.74979973 6.32859993 3.000000 3.000000
4.34980011 24.75489998 6.33220005 3.000000 3.000000
4.34789991 24.78260040 6.50089979 3.000000 3.000000
4.34329987 24.75499916 6.33179998 3.000000 3.000000
4.34899998 24.75900078 6.33500004 3.000000 3.000000
4.34929991 24.78849983 6.50619984 3.000000 3.000000
4.35039997 24.76460075 6.33909988 3.000000 3.000000
4.34019995 24.76219940 6.33659983 3.000000 3.000000
4.34480000 24.76530075 6.33839989 3.000000 3.000000
4.34770012 24.79660034 6.50990009 3.000000 3.000000
4.34359980 24.76919937 6.34130001 3.000000 3.000000
4.34910011 24.77289963 6.34420013 3.000000 3.000000
4.34709978 24.80100060 6.51289988 3.000000 3.000000
4.34369993 24.77400017 6.34480000 3.000000 3.000000
4.34929991 24.77770042 6.34689999 3.000000 3.000000
4.33869982 24.77470016 6.34200001 3.000000 3.000000
4.34919977 24.78219986 6.34980011 3.000000 3.000000
4.34420013 24.80859947 6.51800013 3.000000 3.000000
4.34810019 24.81119919 6.51999998 3.000000 3.000000
4.33869982 24.77960014 6.34649992 3.000000 3.000000
4.34200001 24.78210068 6.34969997 3.000000 3.000000
4.34180021 24.78669930 6.35330009 3.000000 3.000000
4.34719992 24.79010010 6.35510015 3.000000 3.000000
4.34390020 24.81789970 6.52379990 3.000000 3.000000
4.34919977 24.82169914 6.52920008 3.000000 3.000000
4.34870005 24.79579926 6.35970020 3.000000 3.000000
4.33970022 24.79459953 6.35809994 3.000000 3.000000
4.34810019 24.80010033 6.36240005 3.000000 3.000000
4.34420013 24.82760048 6.53030014 3.000000 3.000000
4.34779978 24.82999992 6.53329992 3.000000 3.000000
4.33909988 24.79890060 6.36129999 3.000000 3.000000
4.34889984 24.80520058 6.36579990 3.000000 3.000000
4.34829998 24.83499908 6.53630018 3.000000 3.000000
4.33869982 24.80319977 6.36390018 3.000000 3.000000
4.34329987 24.83639908 6.53529978 3.000000 3.000000
4.34899998 24.84059906 6.54239988 3.000000 3.000000
4.34070015 24.80909920 6.36800003 3.000000 3.000000
4.34530020 24.81200027 6.36969995 3.000000 3.000000
4.34009981 24.81340027 6.37050009 3.000000 3.000000
4.34530020 24.81649971 6.37200022 3.000000 3.000000
4.34910011 24.81909943 6.37459993 3.000000 3.000000
4.34469986 24.84679985 6.54300022 3.000000 3.000000
4.34870005 24.84980011 6.54799986 3.000000 3.000000
4.33970022 24.81769943 6.37340021 3.000000 3.000000
4.34410000 24.82060051 6.37559986 3.000000 3.000000
4.34310007 24.82469940 6.37860012 3.000000 3.000000
4.34829998 24.82780075 6.38030005 3.000000 3.000000
4.34469986 24.85630035 6.54930019 3.000000 3.000000
4.34889984 24.85919952 6.55380011 3.000000 3.000000
4.34950018 24.86070061 6.56010008 3.000000 3.000000
4.33640003 24.82489967 6.37760019 3.000000 3.000000
4.34310007 24.82920074 6.38129997 3.000000 3.000000
4.33629990 24.82959938 6.38129997 3.000000 3.000000
4.34469986 24.83480072 6.38490009 3.000000 3.000000
4.34390020 24.86540031 6.55590010 3.000000 3.000000
4.34880018 24.86849976 6.55950022 3.000000 3.000000
4.33669996 24.83440018 6.38439989 3.000000 3.000000
4.34520006 24.83970070 6.38810015 3.000000 3.000000
4.34359980 24.86989975 6.55859995 3.000000 3.000000
4.34950018 24.87389946 6.56459999 3.000000 3.000000
4.33620024 24.83869934 6.38719988 3.000000 3.000000
4.34100008 24.84180069 6.38990021 3.000000 3.000000
4.34530020 24.84440041 6.39130020 3.000000 3.000000
4.34340000 24.87450027 6.56180000 3.000000 3.000000
4.35020018 24.87919998 6.56860018 3.000000 3.000000
4.33620024 24.84339905 6.39020014 3.000000 3.000000
4.34679985 24.84989929 6.39499998 3.000000 3.000000
4.34509993 24.88019943 6.56519985 3.000000 3.000000
4.35050011 24.88400078 6.57180023 3.000000 3.000000
4.33640003 24.84819984 6.39359999 3.000000 3.000000
4.34060001 24.85079956 6.39569998 3.000000 3.000000
4.34679985 24.85440063 6.39769983 3.000000 3.000000
4.34539986 24.88509941 6.56869984 3.000000 3.000000
4.34079981 24.85540009 6.39820004 3.000000 3.000000
4.33599997 24.85729980 6.39989996 3.000000 3.000000
4.34089994 24.86009979 6.40129995 3.000000 3.000000
4.34609985 24.86319923 6.40369987 3.000000 3.000000
4.34250021 24.89249992 6.57119989 3.000000 3.000000
4.34140015 24.86510086 6.40509987 3.000000 3.000000
4.34840012 24.86930084 6.40819979 3.000000 3.000000
4.33440018 24.86540031 6.40409994 3.000000 3.000000
4.34110022 24.86960030 6.40810013 3.000000 3.000000
4.34859991 24.87389946 6.41090012 3.000000 3.000000
4.33479977 24.87059975 6.40929985 3.000000 3.000000
4.34019995 24.87369919 6.41109991 3.000000 3.000000
4.34889984 24.87879944 6.41489983 3.000000 3.000000
4.29689980 23.07979965 5.35659981 3.000000 3.000000
4.34100008 24.87879944 6.41419983 3.000000 3.000000
4.34870005 24.88319969 6.41750002 3.000000 3.000000
4.33379984 24.87899971 6.41349983 3.000000 3.000000
4.34130001 24.88360023 6.41760015 3.000000 3.000000
4.34899998 24.88809967 6.42110014 3.000000 3.000000
4.33339977 24.88349915 6.41639996 3.000000 3.000000
4.34110022 24.88809967 6.42040014 3.000000 3.000000
4.33360004 24.88839912 6.42040014 3.000000 3.000000
4.34189987 24.89319992 6.42420006 3.000000 3.000000
4.34709978 24.89609909 6.42589998 3.000000 3.000000
4.34180021 24.89769936 6.42649984 3.000000 3.000000
4.34639978 24.90040016 6.42920017 3.000000 3.000000
4.33269978 24.89699936 6.42509985 3.000000 3.000000
4.33620024 24.89929962 6.42829990 3.000000 3.000000
4.34110022 24.90189934 6.42929983 3.000000 3.000000
4.34660006 24.90500069 6.43149996 3.000000 3.000000
4.33610010 24.90379906 6.43090010 3.000000 3.000000
4.34089994 24.90649986 6.43279982 3.000000 3.000000
4.34600019 24.90940094 6.43489981 3.000000 3.000000
4.33589983 24.90839958 6.43389988 3.000000 3.000000
4.34119987 24.91130066 6.43610001 3.000000 3.000000
4.34849977 24.91539955 6.43959999 3.000000 3.000000
4.33690023 24.91349983 6.43739986 3.000000 3.000000
4.34310007 24.91699982 6.44010019 3.000000 3.000000
4.33669996 24.91799927 6.44000006 3.000000 3.000000
4.34460020 24.92239952 6.44309998 3.000000 3.000000
4.34870005 24.92480087 6.44600010 3.000000 3.000000
4.33599997 24.92230034 6.44329977 3.000000 3.000000
4.34079981 24.92499924 6.44509983 3.000000 3.000000
4.33570004 24.92690086 6.44630003 3.000000 3.000000
4.34119987 24.92970085 6.44780016 3.000000 3.000000
4.34539986 24.93210030 6.44990015 3.000000 3.000000
4.33680010 24.93210030 6.44980001 3.000000 3.000000
4.34590006 24.93689919 6.45279980 3.000000 3.000000
4.33890009 24.93770027 6.45289993 3.000000 3.000000
4.33279991 24.93910027 6.45410013 3.000000 3.000000
4.34259987 24.94429970 6.45730019 3.000000 3.000000
4.34759998 24.94700050 6.45959997 3.000000 3.000000
4.33209991 24.94350052 6.45760012 3.000000 3.000000
4.33640003 24.94580078 6.45889997 3.000000 3.000000
4.34320021 24.94939995 6.46169996 3.000000 3.000000
4.34759998 24.95170021 6.46290016 3.000000 3.000000
4.33640003 24.95039940 6.46180010 3.000000 3.000000
4.34649992 24.95569992 6.46570015 3.000000 3.000000
4.33090019 24.95219994 6.46330023 3.000000 3.000000
4.33580017 24.95479965 6.46490002 3.000000 3.000000
4.34649992 24.96039963 6.46880007 3.000000 3.000000
4.33080006 24.95680046 6.46619987 3.000000 3.000000
4.33750010 24.96050072 6.46929979 3.000000 3.000000
4.34210014 24.96269989 6.46999979 3.000000 3.000000
4.33069992 24.96129990 6.46859980 3.000000 3.000000
4.34100008 24.96680069 6.47270012 3.000000 3.000000
4.34600019 24.96940041 6.47469997 3.000000 3.000000
4.32950020 24.96540070 6.47179985 3.000000 3.000000
4.33419991 24.96780014 6.47310019 3.000000 3.000000
4.34040022 24.97109985 6.47580004 3.000000 3.000000
4.34789991 24.97489929 6.47800016 3.000000 3.000000
4.33419991 24.97249985 6.47620010 3.000000 3.000000
4.33809996 24.97470093 6.47860003 3.000000 3.000000
4.34329987 24.97730064 6.48019981 3.000000 3.000000
4.33080006 24.97550011 6.47860003 3.000000 3.000000
4.33699989 24.97879982 6.48140001 3.000000 3.000000
4.34509993 24.98279953 6.48330021 3.000000 3.000000
4.33080006 24.98019981 6.48190022 3.000000 3.000000
4.33659983 24.98320007 6.48409986 3.000000 3.000000
4.34180021 24.98579979 6.48559999 3.000000 3.000000
4.34819984 24.98909950 6.48799992 3.000000 3.000000
4.29500008 23.35880089 5.49770021 3.000000 3.000000
4.33309984 24.98620033 6.48629999 3.000000 3.000000
4.34130001 24.99029922 6.48869991 3.000000 3.000000
4.34840012 24.99390030 6.49170017 3.000000 3.000000
4.32859993 24.98830032 6.48710012 3.000000 3.000000
4.34140015 24.99500084 6.49200010 3.000000 3.000000
4.32929993 24.99340057 6.49009991 3.000000 3.000000
4.33449984 24.99609947 6.49259996 3.000000 3.000000
4.34759998 25.00259972 6.49650002 3.000000 3.000000
4.33760023 25.00230026 6.49620008 3.000000 3.000000
4.34420013 25.00559998 6.49889994 3.000000 3.000000
4.34840012 25.00790024 6.50150013 3.000000 3.000000
4.32940006 25.00279999 6.49650002 3.000000 3.000000
4.33659983 25.00650024 6.49949980 3.000000 3.000000
4.33020020 25.00799942 6.50010014 3.000000 3.000000
4.33659983 25.01119995 6.50229979 3.000000 3.000000
4.34219980 25.01390076 6.50400019 3.000000 3.000000
4.34660006 25.01600075 6.50530005 3.000000 3.000000
4.33150005 25.01339912 6.50409985 3.000000 3.000000
4.33760023 25.01639938 6.50600004 3.000000 3.000000
4.34810019 25.02149963 6.50979996 3.000000 3.000000
4.32630014 25.01510048 6.50379992 3.000000 3.000000
4.33710003 25.02090073 6.50920010 3.000000 3.000000
4.34210014 25.02319908 6.51039982 3.000000 3.000000
4.34719992 25.02569962 6.51249981 3.000000 3.000000
4.32649994 25.01989937 6.50710011 3.000000 3.000000
4.33620024 25.02510071 6.51179981 3.000000 3.000000
4.34049988 25.02720070 6.51340008 3.000000 3.000000
4.34560013 25.02969933 6.51520014 3.000000 3.000000
4.32660007 25.02490044 6.51119995 3.000000 3.000000
4.33580017 25.02960014 6.51480007 3.000000 3.000000
4.34019995 25.03170013 6.51630020 3.000000 3.000000
4.34530020 25.03409958 6.51800013 3.000000 3.000000
4.32670021 25.02989960 6.51520014 3.000000 3.000000
4.33610010 25.03440094 6.51800013 3.000000 3.000000
4.34490013 25.03860092 6.52080011 3.000000 3.000000
4.32679987 25.03459930 6.51830006 3.000000 3.000000
4.33699989 25.03949928 6.52139997 3.000000 3.000000
4.34399986 25.04299927 6.52409983 3.000000 3.000000
4.33160019 25.04150009 6.52229977 3.000000 3.000000
4.33599997 25.04380035 6.52440023 3.000000 3.000000
4.34240007 25.04689980 6.52680016 3.000000 3.000000
4.34740019 25.04920006 6.52810001 3.000000 3.000000
4.32499981 25.04280090 6.52239990 3.000000 3.000000
4.33179998 25.04660034 6.52680016 3.000000 3.000000
4.33890009 25.04999924 6.52899981 3.000000 3.000000
4.33090019 25.05080032 6.52939987 3.000000 3.000000
4.34439993 25.05699921 6.53289986 3.000000 3.000000
4.33710003 25.05830002 6.53340006 3.000000 3.000000
4.34280014 25.06110001 6.53599977 3.000000 3.000000
4.34779978 25.06349945 6.53789997 3.000000 3.000000
4.32499981 25.05750084 6.53399992 3.000000 3.000000
4.33020020 25.05999947 6.53520012 3.000000 3.000000
4.32609987 25.06270027 6.53700018 3.000000 3.000000
4.33199978 25.06539917 6.53840017 3.000000 3.000000
4.33900023 25.06879997 6.54129982 3.000000 3.000000
4.34660006 25.07220078 6.54320002 3.000000 3.000000
4.32579994 25.06719971 6.53970003 3.000000 3.000000
4.33039999 25.06940079 6.54139996 3.000000 3.000000
4.33939981 25.07360077 6.54409981 3.000000 3.000000
4.34509993 25.07620049 6.54600000 3.000000 3.000000
4.32950020 25.07379913 6.54430008 3.000000 3.000000
4.33850002 25.07799911 6.54710007 3.000000 3.000000
4.34549999 25.08099937 6.54899979 3.000000 3.000000
4.34870005 25.08329964 6.55369997 3.000000 3.000000
4.33300018 25.08009911 6.54860020 3.000000 3.000000
4.33820009 25.08259964 6.55049992 3.000000 3.000000
4.34859991 25.08779907 6.55609989 3.000000 3.000000
4.34929991 25.08970070 6.56360006 3.000000 3.000000
4.32830000 25.08259964 6.55000019 3.000000 3.000000
4.33400011 25.08539963 6.55210018 3.000000 3.000000
4.33860016 25.08760071 6.55399990 3.000000 3.000000
4.34380007 25.08970070 6.55450010 3.000000 3.000000
4.34980011 25.09480095 6.56769991 3.000000 3.000000
4.32789993 25.08729935 6.55329990 3.000000 3.000000
4.33319998 25.08979988 6.55530024 3.000000 3.000000
4.33890009 25.09230042 6.55679989 3.000000 3.000000
4.34439993 25.09490013 6.55880022 3.000000 3.000000
4.32250023 25.08930016 6.55380011 3.000000 3.000000
4.32760000 25.09189987 6.55620003 3.000000 3.000000
4.33349991 25.09480095 6.55889988 3.000000 3.000000
4.33869982 25.09700012 6.55999994 3.000000 3.000000
4.34359980 25.09919930 6.56160021 3.000000 3.000000
4.32280016 25.09429932 6.55779982 3.000000 3.000000
4.32929993 25.09760094 6.56059980 3.000000 3.000000
4.33909988 25.10199928 6.56360006 3.000000 3.000000
4.33360004 25.10429955 6.56500006 3.000000 3.000000
4.33830023 25.10650063 6.56689978 3.000000 3.000000
4.33269978 25.10860062 6.56799984 3.000000 3.000000
4.32539988 25.10989952 6.56820011 3.000000 3.000000
4.32270002 25.11700058 6.56829977 3.000000 3.000000
4.33669996 25.12220001 6.56739998 3.000000 3.000000
4.33029985 25.12360001 6.56640005 3.000000 3.000000
4.29139996 23.79039955 5.80039978 3.000000 3.000000
4.29169989 23.76300049 5.72289991 3.000000 3.000000
4.28499985 24.13439941 6.01819992 3.000000 3.000000
4.31419992 22.94599915 5.31419992 3.000000 3.000000
4.29699993 23.16930008 5.33599997 3.000000 3.000000
4.29570007 23.51530075 5.53000021 3.000000 3.000000
4.29330015 23.56459999 5.61409998 3.000000 3.000000
4.29400015 23.47369957 5.53560019 3.000000 3.000000
4.28200006 24.42939949 6.14919996 3.000000 3.000000
4.29090023 23.85569954 5.83500004 3.000000 3.000000
4.29440022 23.52669907 5.56320000 3.000000 3.000000
4.28879976 24.11499977 5.94390011 3.000000 3.000000
4.29879999 23.06949997 5.35209990 3.000000 3.000000
4.28879976 24.08349991 5.95359993 3.000000 3.000000
4.29430008 23.43820000 5.58510017 3.000000 3.000000
4.29120016 23.76379967 5.78210020 3.000000 3.000000
4.29659986 23.36450005 5.54829979 3.000000 3.000000
4.29400015 23.47380066 5.54269981 3.000000 3.000000
4.29699993 23.12789917 5.33409977 3.000000 3.000000
4.29409981 23.41069984 5.56020021 3.000000 3.000000
4.29090023 23.82819939 5.80130005 3.000000 3.000000
4.29320002 23.66519928 5.67579985 3.000000 3.000000
4.29600000 23.17799950 5.39379978 3.000000 3.000000
4.28599977 24.00930023 5.92719984 3.000000 3.000000
4.28109980 24.48089981 6.20450020 3.000000 3.000000
4.28849983 24.10549927 5.95529985 3.000000 3.000000
4.29440022 23.49130058 5.52820015 3.000000 3.000000
4.29220009 23.65880013 5.70979977 3.000000 3.000000
4.29050016 23.89469910 5.84380007 3.000000 3.000000
4.29040003 23.99300003 5.86210012 3.000000 3.000000
4.28900003 24.00510025 5.94329977 3.000000 3.000000
4.29519987 23.34009933 5.47650003 3.000000 3.000000
4.29379988 23.50029945 5.58139992 3.000000 3.000000
4.28469992 24.12070084 6.02580023 3.000000 3.000000
4.28940010 23.96439934 5.93349981 3.000000 3.000000
4.29400015 23.56360054 5.57070017 3.000000 3.000000
4.28100014 24.45420074 6.23099995 3.000000 3.000000
4.29099989 23.78210068 5.78240013 3.000000 3.000000
4.33610010 22.94750023 5.31400013 3.000000 3.000000
4.28849983 23.80039978 5.74709988 3.000000 3.000000
4.29629993 23.25979996 5.38360023 3.000000 3.000000
4.29549980 23.31310081 5.45219994 3.000000 3.000000
4.29010010 23.94589996 5.91800022 3.000000 3.000000
4.29729986 23.16889954 5.32900000 3.000000 3.000000
4.29190016 23.72459984 5.72919989 3.000000 3.000000
4.28980017 23.99399948 5.94600010 3.000000 3.000000
4.29500008 23.29520035 5.48699999 3.000000 3.000000
4.28439999 24.19980049 6.02199984 3.000000 3.000000
4.29370022 23.57390022 5.59619999 3.000000 3.000000
4.28420019 24.13369942 6.03919983 3.000000 3.000000
4.28270006 24.14500046 5.94549990 3.000000 3.000000
4.28420019 24.12019920 6.03620005 3.000000 3.000000
4.29199982 23.73430061 5.70389986 3.000000 3.000000
4.29689980 23.19370079 5.33830023 3.000000 3.000000
4.29699993 23.19389915 5.43359995 3.000000 3.000000
4.29799986 23.23189926 5.33860016 3.000000 3.000000
4.29320002 23.53800011 5.62489986 3.000000 3.000000
4.29099989 23.87479973 5.79820013 3.000000 3.000000
4.28639984 23.90970039 5.83209991 3.000000 3.000000
4.28630018 23.93350029 5.87919998 3.000000 3.000000
4.29129982 23.80890083 5.77850008 3.000000 3.000000
4.28509998 24.04660034 5.94570017 3.000000 3.000000
4.29069996 23.88409996 5.83190012 3.000000 3.000000
4.28900003 24.02280045 5.90520000 3.000000 3.000000
4.29540014 23.27799988 5.42509985 3.000000 3.000000
4.29090023 23.87490082 5.82800007 3.000000 3.000000
4.29650021 23.31180000 5.39629984 3.000000 3.000000
4.29470015 23.35919952 5.53280020 3.000000 3.000000
4.29279995 23.64830017 5.66909981 3.000000 3.000000
4.29309988 23.54619980 5.64970016 3.000000 3.000000
4.29720020 23.29229927 5.38189983 3.000000 3.000000
4.28429985 24.04590034 5.96649981 3.000000 3.000000
4.29500008 23.37479973 5.44129992 3.000000 3.000000
4.29680014 23.33819962 5.53090000 3.000000 3.000000
4.28569984 23.90900040 5.88430023 3.000000 3.000000
4.29059982 23.86510086 5.86140013 3.000000 3.000000
4.29500008 23.40110016 5.47919989 3.000000 3.000000
4.28509998 24.16150093 5.99230003 3.000000 3.000000
4.29559994 23.29450035 5.46570015 3.000000 3.000000
4.28060007 24.50679970 6.22139978 3.000000 3.000000
4.28590012 23.94529915 5.87109995 3.000000 3.000000
4.28429985 24.14629936 5.98869991 3.000000 3.000000
4.29750013 23.16020012 5.34590006 3.000000 3.000000
4.29500008 23.34959984 5.46630001 3.000000 3.000000
4.29479980 23.35000038 5.49429989 3.000000 3.000000
4.28350019 24.10810089 5.98010015 3.000000 3.000000
4.28749990 23.72150040 5.75120020 3.000000 3.000000
4.28340006 24.10799980 6.02260017 3.000000 3.000000
4.29610014 23.28549957 5.40019989 3.000000 3.000000
4.28469992 24.18670082 5.98710012 3.000000 3.000000
4.28800011 24.15710068 6.00810003 3.000000 3.000000
4.29640007 23.23380089 5.35340023 3.000000 3.000000
4.29489994 23.45490074 5.52099991 3.000000 3.000000
4.29090023 23.87490082 5.82060003 3.000000 3.000000
4.29540014 23.30400085 5.46950006 3.000000 3.000000
4.29230022 23.77140045 5.71150017 3.000000 3.000000
4.27890015 23.93939972 5.80520010 3.000000 3.000000
4.29419994 23.43840027 5.57810020 3.000000 3.000000
4.29670000 23.20229912 5.35519981 3.000000 3.000000
4.29650021 23.15340042 5.35050011 3.000000 3.000000
4.29510021 23.44589996 5.48939991 3.000000 3.000000
4.28179979 24.35919952 6.16550016 3.000000 3.000000
4.28870010 24.05360031 5.92579985 3.000000 3.000000
4.28989983 23.96369934 5.87270021 3.000000 3.000000
4.29059982 23.89459991 5.81389999 3.000000 3.000000
4.29530001 23.26119995 5.46000004 3.000000 3.000000
4.29139996 23.88299942 5.77909994 3.000000 3.000000
4.29160023 23.79010010 5.79279995 3.000000 3.000000
4.29209995 23.72439957 5.72179985 3.000000 3.000000
4.29589987 23.36529922 5.47209978 3.000000 3.000000
4.29629993 23.27689934 5.41060019 3.000000 3.000000
4.29750013 23.27540016 5.36859989 3.000000 3.000000
4.32870007 22.94689941 5.31619978 3.000000 3.000000
4.28490019 24.13450050 5.95429993 3.000000 3.000000
4.29129982 23.83600044 5.78219986 3.000000 3.000000
4.28959990 24.14450073 5.94850016 3.000000 3.000000
4.29589987 23.30319977 5.39330006 3.000000 3.000000
4.29370022 23.59269905 5.58930016 3.000000 3.000000
4.29220009 23.65850067 5.63730001 3.000000 3.000000
4.29269981 23.71360016 5.66629982 3.000000 3.000000
4.29419994 23.37590027 5.53950024 3.000000 3.000000
4.28999996 23.97310066 5.84649992 3.000000 3.000000
4.29559994 23.40029907 5.45779991 3.000000 3.000000
4.29479980 23.42830086 5.58809996 3.000000 3.000000
4.28789997 23.77370071 5.80369997 3.000000 3.000000
4.28919983 24.09320068 5.97289991 3.000000 3.000000
4.28679991 23.95829964 5.83209991 3.000000 3.000000
4.28630018 23.90959930 5.84259987 3.000000 3.000000
4.29020023 23.95439911 5.85370016 3.000000 3.000000
4.28060007 24.44059944 6.24949980 3.000000 3.000000
4.29479980 23.40139961 5.52820015 3.000000 3.000000
4.28910017 24.09329987 5.98829985 3.000000 3.000000
4.36469984 22.94709969 5.28439999 3.000000 3.000000
4.29020023 24.08160019 5.90660000 3.000000 3.000000
4.28490019 24.01959991 5.95030022 3.000000 3.000000
4.29559994 23.31299973 5.44519997 3.000000 3.000000
4.29059982 23.84659958 5.78679991 3.000000 3.000000
4.29320002 23.69289970 5.67240000 3.000000 3.000000
4.29680014 23.09560013 5.32889986 3.000000 3.000000
4.29610014 23.17040062 5.40450001 3.000000 3.000000
4.29260015 23.63120079 5.67679977 3.000000 3.000000
4.29250002 23.71380043 5.68100023 3.000000 3.000000
4.29029989 23.93510056 5.87559986 3.000000 3.000000
4.28800011 23.83600044 5.77519989 3.000000 3.000000
4.29570007 23.21949959 5.39589977 3.000000 3.000000
4.28599977 24.00939941 5.91660023 3.000000 3.000000
4.29640007 23.12870026 5.38180017 3.000000 3.000000
4.29559994 23.32169914 5.44159985 3.000000 3.000000
4.29059982 23.83709908 5.84219980 3.000000 3.000000
4.29180002 23.81780052 5.76719999 3.000000 3.000000
4.29279995 23.56529999 5.66470003 3.000000 3.000000
4.29430008 23.51700020 5.58780003 3.000000 3.000000
4.29180002 23.85440063 5.76000023 3.000000 3.000000
4.29390001 23.63829994 5.73000002 3.000000 3.000000
4.29080009 23.83690071 5.85699987 3.000000 3.000000
4.28690004 23.93409920 5.82690001 3.000000 3.000000
4.29020023 23.84720039 5.84660006 3.000000 3.000000
4.28280020 24.33779907 6.14989996 3.000000 3.000000
