0.002365121225436857 0.001201987684914953 -0.018630711980975483 
-0.0052663686998779425 -0.0028980133561062773 0.041465862270323076 
0.006520554250267284 0.009229750764878326 -0.05086288818473695 
-0.0027213971497643957 0.00021708331418557585 0.021572791379440234 
0.004124887163676873 -0.00018599933687224278 -0.032686277996943645 
0.0015845947557394117 0.0018013655287187381 -0.012397884158159851 
-0.0092267523123546 -0.050868069792539154 0.06876846454158728 
-0.00377501131471929 -0.00035320738859537866 0.02986944921330955 
0.007487473917962124 0.037678839104498096 -0.05611044248461136 
-0.00849060713242072 0.00044731969396340503 0.06728641685068142 
-0.003149894731206743 -0.001334994704251106 0.02483511537848216 
0.007295759575963381 0.015377712781335102 -0.05648180013948474 
-0.007882813184600882 0.0667635281052449 0.06809212643219181 
0.0027785545681805247 0.0012901613343479631 -0.021897773535080732 
0.004579629349544098 0.002076113709658282 -0.03609629976002864 
-0.008276657888963125 0.05052951505651385 0.0698358384293739 
0.0021914456666816454 0.001733557300864712 -0.017210096897749144 
0.004315819550932677 0.005327793185123188 -0.033731288169507975 
-0.008914547593644942 -0.045890805078771454 0.0667174706015587 
-0.00551584985586941 -0.002866507676540508 0.043444508104263695 
0.0030379412212967237 0.0015863911778528665 -0.02392710193511159 
-0.008247229917296693 0.03800166656336013 0.06854114707969924 
-3.34575918448639e-05 -0.0010898218002947536 0.00017264390223219878 
-0.008639382090397364 -0.03423100014817987 0.06552611936658062 
-0.00866939640725982 -0.022922906874491538 0.06672209253097164 
0.000488345996607467 0.00404704945512404 -0.003524919653110889 
0.005072088431324985 0.0024479872679159923 -0.03996523140872932 
-0.008891189025371877 -0.052701353004335504 0.06595533590645197 
-0.008678925457732276 -0.021177238990902725 0.06694549402558095 
-0.009133173346017022 -0.01820829452777719 0.07079488137834153 
-0.002745682616187169 -0.00020108233132847632 0.021729705155914714 
-0.008947541397830338 -0.006492797898956837 0.07031738582837793 
0.007470856008451511 0.04151140811098077 -0.05565405048998779 
0.007423477895992236 0.03277488803715953 -0.05601913366091739 
-0.008373212900360829 0.029375670268071703 0.06880800715572104 
-0.009042901877188805 -0.05883971030871313 0.06663678823851321 
-0.008754957041840143 -0.015678325153606416 0.06801366894306189 
-0.008452090048602659 0.006478615340675981 0.0674924412750687 
0.00036112542983427495 0.003950033826925132 -0.0025255103941024502 
-0.008939666784575964 -0.04938389006880837 0.0666204186361306 
-0.008190090458247737 0.025540632754349795 0.06703263316340104 
0.007555891144081275 0.0479956020807928 -0.055778086266036996 
0.007467976128673951 0.044519357499975355 -0.05537634677673024 
0.00693573278772387 -0.035804688385755803 -0.05796746923281806 
-0.00825680733024612 0.04109693700558337 0.06887929714426548 
0.0017634607325770473 0.005039953942204606 -0.01354012537177209 
-0.003247724512490059 -0.002129766954795098 0.02554261156897793 
0.0008373124750610999 0.004261072796710239 -0.006270717082993793 
-0.009130337873756555 -0.04254886724106245 0.0687097996977099 
-0.009122080876567813 -0.02117576333410838 0.07045556147812497 
-0.009000441756660493 -0.062061773595468724 0.0660274514447135 
0.007452493792018228 0.028573094860270785 -0.05660501005826937 
0.0074585074979518756 0.03783323109695949 -0.0558679353357411 
-0.008455297029291377 0.007141914146712491 0.06757404969839369 
0.00705121827532747 0.013222308063333845 -0.05472759876266652 
-0.00882124349831645 0.03883172530778363 0.07315787016395302 
0.007496808854922219 0.009868108655293275 -0.058541063832825584 
0.0018134854493670916 -0.001017445033617405 -0.014449643124062543 
-0.0042461120091544435 -0.0006286767103433993 0.03357738444250874 
-0.008153650735170196 0.036576192453121624 0.06767917307897078 
0.007637633529502757 0.053907455639720755 -0.05592454254683855 
-0.008826916118982673 -0.03204408683977989 0.06719677234023298 
-0.0008606408219360417 -0.0012296931023073466 0.006712365133339356 
0.0054591045203166155 0.0024512959582821945 -0.04303025075197946 
-0.005728176211962326 -0.0034080398305598478 0.04508031591033705 
0.0029601674342483956 0.005026845528952156 -0.023019562339424864 
0.0074723090143291445 0.048106444358412936 -0.05510669443555565 
0.007158381918925229 0.014944771624788026 -0.055430409632982874 
-0.008871227012601037 0.006638865940140459 0.07082572896722909 
-0.0037809887401519335 -0.005924902732237385 0.029444646169573114 
-0.006084914375832133 -0.004505602406928865 0.04781279649852451 
0.007625758967702396 0.03630018082513916 -0.0573225350585596 
-0.008771703326870512 0.02408835817612966 0.07151613993619778 
-0.008132656047636256 0.05944769405122053 0.06945102244199056 
-0.008081694311619949 0.06398984326617081 0.0694322904756146 
-0.004038877113143565 -0.0018769680726284362 0.03183023282836879 
0.0001647711481769724 0.00401344906058471 -0.0009649435453618203 
-0.0018289817166267802 0.0005871696745758878 0.01453591725973683 
0.0021493827291068465 0.0047291625727888115 -0.016623096014749907 
-0.0057080967507549246 -0.0031664447350971195 0.04494175251813602 
0.007972162851541047 0.038965854351046984 -0.05984028265991375 
0.005649196892622759 -0.0076775189977274835 -0.045394164615508825 
-0.00831814213875524 0.030134182847704295 0.06843610436785606 
-0.008534193299797653 -0.0027415358503430237 0.06736141010016422 
-0.007702018944511044 -0.057349461806064 0.05614282092600172 
-0.008733317068055033 -0.02223335515647369 0.06728679873075577 
0.004620322736885746 -0.0007518637866903404 -0.036658248534248594 
-0.00829428723179594 -0.004694310134536839 0.06529579364742535 
0.005600079846320606 0.0055182485366947346 -0.043886929504797716 
-0.008046188442091134 0.05985267102564071 0.06880048725740075 
-0.0033590646742430604 -0.00014580080285826307 0.02659258529886847 
-0.008456859624554466 -0.032266223943230476 0.06424697447310666 
-0.002604855173736471 -0.0015630469893304702 0.020498890582580462 
-0.0012915535890378725 0.0008046992626299651 0.010297736264932798 
-0.010062687091438656 -0.060860111075152615 0.07454262667511957 
0.00522638706448199 0.003205791384760837 -0.04112311289452108 
0.004358307116536579 0.004912989167286176 -0.03410295476750677 
0.007484993337382985 0.04451395027750589 -0.055511587095698846 
0.006664775892868572 0.009089526992063137 -0.052017055478255365 
0.0035971730868710177 -0.0002438623902743508 -0.02851150543896873 
0.0031322528343183317 0.00015942484040698472 -0.024795003490458684 
-0.0033484952201051944 -0.0017215206744955463 0.026375344871523234 
0.004625039053200183 0.005069014474492179 -0.03620234127751067 
-0.008852743428956634 -0.035216152563299054 0.06713253214033063 
-0.00846955081599189 0.011608706268417248 0.0680654611938222 
-0.008828664249074419 -0.05370078330308376 0.06537542643179566 
4.649661078594992e-05 0.0009471771718001994 -0.00028800511664106294 
-0.008818392311118821 -0.028422158468281365 0.06743618361991852 
-0.008606518520513839 -0.0018671348307089395 0.068008347444989 
-0.009140953643226205 -0.03925193182980961 0.06907326302049546 
0.007758030184639864 0.06896763061757617 -0.05560192373247122 
0.005291138782420191 0.004997020776267062 -0.04148417958882552 
0.0052826316703069335 -0.003243064318446099 -0.042115066395778555 
0.005770058177545686 -0.04851260164022326 -0.04981179831591122 
-0.009158051591878488 -0.048541615866502796 0.06842147540433906 
0.0025402066789992333 9.097100510353765e-05 -0.02011159634386025 
0.007494953613239818 0.045628238357753544 -0.05549605094677498 
0.004194975521411833 0.00544689556498854 -0.032764069392972925 
0.008162495623981879 0.05138169813561111 -0.06029566282220508 
0.00014950627143076582 0.00406330637077932 -0.0008398155874752463 
-0.00372493704772671 -0.001627071816817321 0.029364896439259422 
0.0007247294385304214 -0.0006578001067707822 -0.005795846973645859 
-0.008089986191351865 0.05335461161972019 0.06859673387771495 
-0.008177728640078067 0.05507540089025199 0.06943750400552538 
-0.008547794487124036 0.0012715825821677464 0.06780920840921148 
0.007424175281082041 0.021720034181487605 -0.05696144715784012 
-0.009068864417379145 -0.044157311817602636 0.06808660907524462 
0.001811534177453557 0.0013672370008908465 -0.014232110071332894 
0.004806145001112084 0.004593481966960084 -0.03767705898991234 
0.007488424381838669 0.03152469029223378 -0.056639473973920364 
-0.00879203210258292 -0.040876036329465584 0.06617205828533274 
0.00593204130951912 -0.010641033004912641 -0.04788551770476365 
-0.0028259622262780774 0.00027607634599376206 0.02240598160822984 
-0.008362307128404443 0.03957066081077541 0.06958555473671629 
-0.002606841922963737 -0.001956976589703636 0.02048124466237567 
-0.005269600728772179 -0.0021871574497942473 0.04155169907978571 
0.0014451716394679336 -0.00027620647946477206 -0.011469659179578123 
0.007705761088166871 0.0653139592716548 -0.055497547276906894 
-0.008743883766492976 -0.060887282361843764 0.06409495102369708 
0.007655143666668501 0.03918832803975158 -0.057310529892425986 
0.007067418050593996 0.012687540120949387 -0.05490122283589373 
0.007448990467235126 0.031146613523897644 -0.056359182172072156 
0.0006196706244343401 0.0012994325500823888 -0.004797889064781306 
-0.008314083673947623 0.04374591592364333 0.06955742023527679 
0.00551959318053259 -0.019683434149215452 -0.045385041957123895 
-0.005353540142512411 -0.0005860079270183778 0.04235220958036587 
0.007913346500585866 0.06002338269447461 -0.05759001895432146 
-0.008848568307426747 -0.025011283723770938 0.06796422586185548 
-0.0017291439229660708 -0.0018588015498633944 0.013537895838178967 
-0.0016164206467194505 0.0005666461177491556 0.012850621755045168 
-0.008904242278234645 -0.041915630584904384 0.06697270586171253 
-0.008450354639194716 -0.015179762989037336 0.06564336202137144 
0.0075287276835173085 0.053722219395247 -0.05507766796537596 
-0.008907367026400496 -0.0032219405097549756 0.07027636401767991 
-0.008433153427672528 -0.035083043747382636 0.06382051555872316 
0.007027847379839192 0.0035728770612061408 -0.05536018750717909 
0.006574195501450788 -0.04934598981682429 -0.05625146224576357 
0.006819955542179061 0.000578292213388507 -0.05396737465503098 
0.006613054178078171 -0.043398727267240665 -0.05605526433041048 
0.006680838168790322 -0.029520126495266846 -0.0554160620035866 
0.006915826029532744 -0.0006388695697061584 -0.05482984415867011 
0.006982004754106348 0.007157059272803717 -0.054693374104051125 
0.007086229079851412 0.02164402930777221 -0.054291238385123376 
0.006721145524266072 -0.03055261403032852 -0.05582280318569382 
0.007087881961131154 0.006042520108906794 -0.05562640399208171 
0.0067124857429922335 -0.0456583774407358 -0.0570342794077161 
0.006848862957149822 -0.02408261190232496 -0.05628609996528318 
0.006996018668023819 -0.009384398712896813 -0.056206094715723146 
0.0071736455843425225 0.012101976343498346 -0.05579220197799136 
0.006803147254122117 -0.03949697437847057 -0.05723023135081183 
0.007099136117511011 -0.0031199393817434814 -0.05649196894490476 
0.007237786060756963 0.017957654543988223 -0.055804005430704004 
0.0072720634302162294 0.02544567484233542 -0.05544095795450875 
0.006969058657254593 -0.012075191146149893 -0.05622058036754877 
0.007078901582861149 -0.004467416861728554 -0.05644588995664101 
0.0071703091421044815 0.002837073115190019 -0.056550885499765974 
0.0068634319907780895 -0.049742127701899765 -0.0585758828972782 
0.006941398101870804 -0.04194322690974298 -0.05853252112982603 
0.006955603452779275 -0.03426110569370235 -0.05799404826451548 
0.006983095637733502 -0.027073441943365723 -0.05760271206638395 
0.007265100405013988 0.002219021937079441 -0.057354038454640564 
0.007451055197219425 0.04445043641895726 -0.055248167598077484 
0.007179653657736765 -0.013105297300492107 -0.05797585611057663 
0.007151620503417195 5.006379126916529e-05 -0.05663903667966343 
0.007521543329289366 0.05010923922385979 -0.055326929903918465 
0.007064180744627487 -0.03003237169790857 -0.05849567398088059 
0.007140655522720334 -0.01495475420169572 -0.05782370080448045 
0.00762659242953999 0.0560761927147587 -0.055653314156846746 
0.007151200337439789 -0.016491259863679077 -0.058037423061221304 
0.00727969114334883 -0.0015988013604077483 -0.05779312500700044 
0.007428795518932006 0.019382454313472117 -0.057196127888513665 
0.007465863309208761 0.03315374496929427 -0.0563227362295213 
0.0070108158562536185 -0.04892454672437541 -0.05967393155918113 
0.007126333705336637 -0.034534163508229916 -0.05936942918712912 
0.007413964028245999 0.010017626591951637 -0.0578722343136141 
0.007444752872851916 0.017105815989301394 -0.057515438258398596 
0.0076109615145976426 0.044573563164106815 -0.05650424651520185 
0.007316733947641014 -0.013784247192375315 -0.05911911318141741 
0.007349044530894427 -0.006396423689004832 -0.058748978777534794 
0.007463943028543738 0.01567180328041761 -0.05778894930278841 
0.007634749624915053 0.03646011915357105 -0.057380190939179405 
0.0076391505890462275 0.043042576637175464 -0.056857249648171265 
0.007736740590395315 0.05054783247322047 -0.0569941993172555 
0.007281288462210468 -0.029392263966955764 -0.06016099849528403 
0.007368636664365339 -0.008029411998989782 -0.05904253484553498 
0.007476727633348327 0.007156957217727134 -0.05861175707159014 
0.0075154017973146445 0.014247525788832123 -0.05831721382968046 
0.007565679128457022 0.021540105751513612 -0.05809745316269953 
0.007592051968171061 0.028527664704196293 -0.05771420827810215 
0.007714625809199389 0.04222233342546534 -0.05752454672459021 
0.007209169758663005 -0.037730897406209 -0.060296410754582475 
0.007207701869429411 -0.031249229493473002 -0.05973552706202588 
0.007355299962754124 -0.016750930055083255 -0.059675966353852763 
0.007466671046111897 -0.002161640923268095 -0.059321764862695324 
0.007504093126225568 0.0052273348116208635 -0.0589920176209858 
0.00785983901498926 0.06156468635016958 -0.05703561107519397 
0.0072343910914400246 -0.04664076937192067 -0.06125119621437375 
0.007261902486779123 -0.03895502344967475 -0.060817804611338566 
0.007447379576298923 -0.0038044939973562093 -0.05930818544232458 
0.007799287254287394 0.046349433805877416 -0.05784536320699814 
0.007251382261819116 -0.047974281182942245 -0.0614987740822767 
0.007301798077417426 -0.04088075539224192 -0.06129697813982189 
0.007466198428208006 -0.005436740110012927 -0.059595553962104954 
0.007525480423950658 0.0020583238240777435 -0.059429954794895705 
0.007584088122011719 0.009153845649470464 -0.059292872217575246 
0.007922221137095274 0.05890562089830705 -0.057755028410908044 
0.007281864965050014 -0.03564282823442471 -0.06069523834543609 
0.007544881923577614 -0.006353861273863315 -0.06029647112710222 
0.0078934021655301 0.05716098514803338 -0.057674612998982334 
0.00794067285484586 0.06405505059272402 -0.0574648088807853 
0.00758418380298767 -0.007481264407270414 -0.060703291757052275 
0.007837404009879586 0.03546586137416796 -0.05906953649623984 
0.007986217952009473 0.056646601009557596 -0.0584533347447965 
0.007415406353559522 -0.04506190555231893 -0.06255110581237212 
0.007388241426810069 -0.038188821712715454 -0.06175352415426262 
0.0075110610632387765 -0.02339756783978958 -0.06147288459463572 
0.00783006908503817 0.0332297170728715 -0.05920093258656309 
0.007431318768162767 -0.03971336416556517 -0.06222390137870864 
0.00762735917718372 -0.010043985062850341 -0.06126242081125333 
0.007832907869626067 0.024613938562306842 -0.0599535190900982 
0.007570211179143284 -0.01927406446596298 -0.06159194744000854 
0.00759562195283006 -0.012486087220474057 -0.06121799524731126 
0.007724763604708781 0.008987806200981375 -0.06042114033665174 
0.00781697553513863 0.01619284988516556 -0.06054093386825418 
0.007960968413861605 0.03717295332752695 -0.05990354958759421 
0.007958001077101427 0.04415205065561386 -0.059288637515025444 
0.007595357592026401 -0.027982715648375518 -0.06252908802936638 
0.007738038708083134 0.0010736911098737706 -0.061196926989445066 
0.007808639175446335 0.014654552204673574 -0.060605262625241546 
0.008136125343537599 0.06410443997967065 -0.059008674140553476 
0.00763317565714556 -0.022528071332368463 -0.06236639265791524 
0.007712914624555665 -0.007947154384379214 -0.06176236345545801 
0.007818212560653903 0.006739905718191653 -0.061351775435284084 
0.008057904371480835 0.04778977285044785 -0.059771644634702664 
0.00790090979131472 0.01230738817085089 -0.06153497647581923 
0.007919533131016827 0.01909303733780276 -0.061107462767474356 
0.00800122564149916 0.024759904702679022 -0.061274284188421894 
-0.006893395022519948 0.0007769711073748031 0.05466388566027877 
-0.008031883298844161 0.020312848291456763 0.06533657514245572 
0.008072474319088927 0.030125422414227547 -0.06138392329742652 
0.008083752801665978 0.03651066263434186 -0.06093216652391237 
0.008202574155849372 0.04372247929094222 -0.06126214184509771 
0.008305620610186153 0.06419312836766901 -0.06034361912531335 
0.007914419565366117 0.006610031853888292 -0.06212477333063055 
0.007958066741736661 0.013900806828492925 -0.061852652526367916 
0.008085560761804198 0.02849448589880729 -0.06162577820136281 
0.008279391246380744 0.062352403513049076 -0.06029185689714423 
0.006380524157241396 0.008533189455371373 -0.04981282868968239 
-0.008467660475615296 0.01434214891911577 0.06828212139076278 
-0.00903973668631076 -0.019828826808109115 0.06991750694540233 
0.0013705779118674375 0.004777887837112146 -0.010450566649847792 
-0.0008297651894563467 0.0011957017699087827 0.0066733478937002 
0.007714367132337107 0.06906401608304678 -0.055247929713726635 
-0.004607300222051727 -0.0019112587018744011 0.03632943236729411 
-0.00836910439807341 0.011229998464485942 0.067237799471435 
0.00573466953028683 -0.026796702391908303 -0.047691299583190634 
0.006058766593109746 -0.0012689159354701488 -0.048095030668743106 
-0.008249645997915224 0.04342265186776553 0.0690196583693341 
-0.004073682896401673 -0.001261935746778702 0.032158024461011354 
0.004424833312425432 0.00498654912422593 -0.03462363149847304 
-0.008806518951941759 0.03515733634696337 0.0727298784533118 
-0.008373429191986756 0.013839624382105224 0.0674931934080558 
-0.008912982018769897 0.00810856334311789 0.07128098526726631 
-0.008478128245911693 0.0017236122289577584 0.06729573302399747 
4.3713828923512926e-05 -0.0012879724954250648 -0.0004553714500184174 
0.0038465131095092716 0.005188081333775371 -0.030026059929168524 
0.007191073936049863 0.014844210302399413 -0.055697863165524775 
-0.008104241956445797 0.059810817907260484 0.06925674429655969 
-0.002033839168509346 -0.0009936523997456322 0.016024499208060084 
0.007415378658825909 -0.044277511311155884 -0.062484416775338926 
0.0022396256100782703 0.0004900105695952695 -0.017697076855191403 
0.0059443338738944555 -0.017611853172919828 -0.048573587359990865 
-0.008047084755842352 0.033840248877267026 0.06660328982655424 
-0.008828979158233254 -0.008259447504304952 0.0692286262098214 
0.004175322143785405 0.0005174775994155708 -0.03302612753930601 
-0.009235004398798291 -0.04749090384357019 0.06912000543456935 
0.007419742041746199 0.0442165609608452 -0.05501997534394906 
0.005257410592807794 -0.0024292140910629283 -0.04184634105047533 
-0.008972571675815456 -0.01067823365105129 0.0701609597349296 
3.1494134138562956e-05 -0.0004003143609268934 -0.0002833670071115105 
-0.003119013177329776 -0.0018158311480998184 0.0245497767630999 
-0.008733539096818213 -0.018702236453173482 0.0675877848013382 
0.007678685046666429 0.04046787507378786 -0.05738855666240317 
-0.009119003273285227 -0.06174727269675116 0.06699315003856128 
0.007390139986721602 0.035411028868478724 -0.05553169905508888 
0.004817923012640538 0.0020640262821505564 -0.03798469132033272 
-0.005116881978270402 -0.0004888347104604082 0.04048603049338146 
0.007596264836328569 0.05744314254626394 -0.0552972737183434 
9.803679324927825e-06 0.004321632698051597 0.00028856730945253325 
-0.00853746185977568 -0.003406592993990601 0.0673309411707227 
0.0017225711061768698 -3.529681848626949e-05 -0.013646343061292499 
-0.008923104903342022 -0.03827893089912367 0.06743027877567295 
-0.008612624872832701 -0.06048660748987294 0.0630892889650036 
0.005126214724976734 0.002287295711679241 -0.04040754718345256 
-0.00922202791069753 -0.05946349544492009 0.06800266801053202 
0.00034343100186680884 0.005009713598390855 -0.0022955670536730344 
-0.0035302699188818347 6.905437510746494e-05 0.0279667962210125 
-0.008661396816008736 0.029198499679079646 0.07107550881807234 
0.0012404071087392633 0.001708612078266509 -0.009679660278274048 
0.0032529390543620464 0.005196174830791293 -0.0253240646612484 
-0.008651839586825468 -0.008431095643971133 0.06781107476196449 
0.006853346495429042 -0.04050715177411929 -0.05771342908558916 
-0.008271188057707978 0.039852626056595536 0.06888775432580012 
0.002177477005190744 0.00018414154097342415 -0.017230758046857385 
-0.008824764275395093 -0.02813661874133136 0.06751084843432978 
-0.008251761338217709 0.02967999647933343 0.06787185791526089 
0.0038392301122986477 0.004917224906971307 -0.029991328515749625 
0.006273868105554214 0.007771151392754619 -0.04903265152044168 
-0.008813586599736318 -0.021227760707876176 0.06800777508488863 
-0.008760742256130704 0.049033286567203065 0.07354316147056247 
0.007489681659440239 0.03554615292065919 -0.05630865269790252 
-0.008867145753543608 -0.03875148734884556 0.06694701867602187 
-0.008891072821906734 -0.05263559599314359 0.06595998779424526 
0.007579468959044036 0.060499879910273745 -0.054905216247496696 
-0.008309316946237991 0.044112642014075866 0.06955074254609622 
-0.0022864204402202573 0.000610101721505117 0.01816093158626683 
-0.0004383614983471502 0.004018463976821235 0.003812498154370829 
0.006098818712683501 0.006811245016929827 -0.04772754309993334 
0.008021115351773243 0.043640335228578804 -0.059831886987170325 
-0.003897716574310218 -0.0023559632559937305 0.0306716029831164 
0.004753989857012224 -0.0011815172968515947 -0.037753346721031915 
-0.008715530084603134 0.006534751181801041 0.06958373337395042 
0.001609888232847931 0.0020049384634628587 -0.0125809663422383 
0.0016541776791396726 0.001543306610779078 -0.012970872648965515 
0.005061337644259773 -0.0016676122216898554 -0.04022883801622928 
-0.008542902599352892 0.00860916291980647 0.06839225064072812 
0.00706697934616001 -0.05570559005349582 -0.0606933922237256 
0.007007146024303704 -0.05593171971444752 -0.06023865412251526 
0.007122949167424697 -0.05382569887810307 -0.06097739008155449 
0.007105482875469527 -0.0530553863706822 -0.06077377468154902 
0.0072005110686466315 -0.05105875106055418 -0.061357235281182455 
0.007203020453684791 -0.050666353237454435 -0.061343858618291815 
0.006883180833611176 -0.056395187490124364 -0.05929608176464956 
0.006932634369278336 -0.054411912103499945 -0.05951970761950544 
0.006977313833435611 -0.053412931054636396 -0.0597889304453872 
0.006996908032959641 -0.05223101162353823 -0.05984396717437921 
0.007048805479882566 -0.04966368095456401 -0.06003745670985348 
0.007103229891356872 -0.0481704299656453 -0.06034197834107113 
0.0071360285192387405 -0.04493862874511709 -0.06032789136712279 
0.007159432587648196 -0.04366222748465715 -0.06040509715570377 
0.007288192114930366 -0.04183995611723743 -0.0612704970787239 
0.007236981730043175 -0.041772397075782335 -0.060859168361415875 
0.007230334501483687 -0.04158205343456314 -0.060790390290323085 
0.006775438158532423 -0.05618648013632457 -0.058425037054966635 
0.006787986317948181 -0.05559273840825827 -0.058474109004184094 
0.006936860375938599 -0.051302847858779504 -0.059289716467914866 
0.0069600833057409375 -0.04952842580692764 -0.05932328522048201 
0.006914795267846291 -0.04964997703931752 -0.058974888748726646 
0.006980917226937489 -0.04618922388579049 -0.059205332528149336 
0.007022202966913129 -0.04382243354393722 -0.05933176753440573 
0.007032858499527036 -0.04342805441619664 -0.059382743248937414 
0.007076502153881075 -0.0422309843597099 -0.05962697601497409 
0.007068287867415223 -0.04204178464509508 -0.05954588324609301 
0.0071321584045870206 -0.039570139471414315 -0.05984231215238979 
0.007253253904826817 -0.0358026034493107 -0.06048216834368008 
0.007227223670739052 -0.0354268208909176 -0.060244156121361095 
0.007232071486024898 -0.03484019726797367 -0.06023284190208046 
0.007257023790195922 -0.03405044836748643 -0.060363549240888284 
0.007312653794748488 -0.033049919782965724 -0.06071937295162426 
0.007295842567305004 -0.032962721851404475 -0.060578833117774004 
0.0073062112858417695 -0.03169775706935798 -0.06055376360825727 
0.007316852409775577 -0.031110752872326942 -0.060588302123945635 
0.0067506890447359014 -0.04829389636234709 -0.05756019688439348 
0.006859310744028443 -0.046278017707591 -0.058249692015356354 
0.0068609825034715525 -0.042750687167501765 -0.057964026404256165 
0.006969602293543685 -0.040540984442177616 -0.05863708173282086 
0.007054125891653431 -0.03639050030160037 -0.058954824876707064 
0.007111093420113183 -0.03518765365764195 -0.05930409777139976 
0.007081561816850686 -0.034812341114105805 -0.059038393337440195 
0.007149358497822551 -0.03301646687915682 -0.05942318357513165 
0.007092558342294819 -0.03334214946397539 -0.059000905317753045 
0.007287873326432706 -0.027292780514035893 -0.06003524232918367 
0.007303222060227317 -0.026311824413817176 -0.06007368318103655 
0.007355990656776666 -0.022407301938386425 -0.06016075868573376 
0.007457512197510496 -0.02099133092202924 -0.06084485439677183 
0.006752246832805336 -0.03960139425774072 -0.05683593117039601 
0.006892119165049046 -0.03737553949679673 -0.05775514859039674 
0.006872458462109457 -0.03669807372208726 -0.057542020551270334 
0.006960238476062937 -0.0335198947710008 -0.05796794890894397 
0.00704215205159762 -0.03191065833520997 -0.05848036549229029 
0.007060397626647132 -0.029555395673023344 -0.05842529137359356 
0.007110131502048409 -0.02864824521658836 -0.058742328602457844 
0.007094262601736873 -0.028169793388531733 -0.058576097407928567 
0.007279040993283258 -0.023284579894431945 -0.059625631711600985 
0.007224206702607886 -0.022534241719882508 -0.059127741615830336 
0.0073357568714203765 -0.01887064025523085 -0.059700802949184915 
0.007379088216828549 -0.017972644849138047 -0.0599679057522009 
0.007387609089181824 -0.01757765319016742 -0.06000192232177011 
0.007420264435505622 -0.015133860527370396 -0.060053476471904704 
0.007453293103111938 -0.013377562313534751 -0.06016624583661085 
0.00750204253126779 -0.011894223302338008 -0.06042665960248814 
0.0068896650626029485 -0.028292412636753257 -0.05696600573191306 
0.006906828610820888 -0.027795404464677476 -0.05705983035416348 
0.006943269701741172 -0.026992734691120346 -0.05728043789462923 
0.006932067983833702 -0.026703967322587077 -0.05716724626962843 
0.006937241368015125 -0.025919125025921783 -0.057141713587245214 
0.007006853619297656 -0.02441289820855328 -0.0575654285279038 
0.007109089862384712 -0.0225983232334354 -0.05822140716682952 
0.007141108427700985 -0.01935574005153547 -0.05820022816568653 
0.007124854207769882 -0.01916896616114166 -0.05805566194010138 
0.0072008919270863956 -0.017176304210891846 -0.05848904819817664 
0.007219231906160677 -0.016386208417215064 -0.05856735426608352 
0.007317798773467016 -0.01165472043860061 -0.058947090550444586 
0.007312107363968561 -0.0105862794942978 -0.0588114727962987 
0.007341759882303808 -0.008632294002115109 -0.05888074985515152 
0.007349999044343027 -0.006595232999053225 -0.05877338598099793 
0.007292589143562484 -0.0065362911874285185 -0.058313685203919524 
0.007287137862905051 -0.005770356792626033 -0.05820560380251429 
0.007277556474681991 -0.005296170020917854 -0.05808953327455809 
0.00691443088505055 -0.01939283669017444 -0.056408008115281634 
0.006943184363280024 -0.0180083866372013 -0.0565184269874435 
0.007049823374094425 -0.015407750728095493 -0.05714266613073388 
0.007089112910877731 -0.013527621051129028 -0.05729453022283226 
0.007124830529253077 -0.010284982913849198 -0.05730264432947229 
0.007166305819711518 -0.006461693452366778 -0.057307156687179485 
0.007131270921023498 -0.006288394865382865 -0.0570149829650888 
0.007158314314553107 -0.004520823400836212 -0.05707939161615398 
0.007054368214143087 -0.005068222092607182 -0.056302489615018624 
0.00695875636031968 -0.002611073139904394 -0.055336991879199694 
0.0069573295078385125 -0.0024195453467525047 -0.05530946062596624 
0.0069456736029219306 -0.0021373563830531634 -0.05519322913960295 
0.006909116232484215 -0.0018734179000041388 -0.05488131608246945 
0.0069105062722823 -0.0016811248745583368 -0.05487603073311292 
0.006902400611714431 -0.008846310907755082 -0.055419010066351325 
0.006943686852812775 -0.0074574939512484385 -0.05562832265256863 
0.006898810612670686 -0.005039351558939822 -0.055067973742297924 
0.006867249830155778 -0.004273597001667995 -0.054753111400384254 
0.0068462650952381965 -0.003311605879808015 -0.05450538585492704 
0.006793492982660256 -0.0032442378849684606 -0.05408170390976623 
0.006731603006700308 -0.0020137642554695937 -0.05348724362439028 
0.006647543448488078 -0.0017725515482202331 -0.05280102278760161 
0.006652318809922999 7.451913194946396e-05 -0.052682324236967025 
0.0065965233745737895 -0.00035054836508613147 -0.052276425599176 
0.006580269154642667 -0.00016377447469232315 -0.05213185937359092 
0.0065270176250813 0.0009615034110672555 -0.05161473283970524 
0.006449743779884469 0.0008133183051162614 -0.05101525479853551 
0.006444872643844803 0.0010973589073582507 -0.050952604092852086 
0.006311772414868827 0.0015773558348045572 -0.04985772976905854 
0.006586113114450616 -0.0034534147146080716 -0.05245691013875253 
0.006580470100344124 -0.002088127111746682 -0.05229652086242439 
0.006531306979149007 -0.0012365843068517868 -0.05183497227205982 
0.006365970824675226 -0.0005469162342383833 -0.05046701083462298 
0.0063743801527027175 -0.00015243293567638732 -0.05050018701353832 
0.006385875196548047 0.00024384704604835152 -0.05055765086535043 
0.006280967445738735 -0.00020462844344843714 -0.04976474949737167 
0.006264310099298149 0.0002728901406644302 -0.04959235262320958 
0.006244936015973757 0.0008421646064875974 -0.049390662857105416 
0.006194287968814468 0.0010102524867640786 -0.04897526921799803 
0.006109642741990605 0.0009597258758332509 -0.04830913171904332 
0.005932450116361202 0.0021093413643999653 -0.04680828696424721 
0.005880123051341628 0.001977272048195525 -0.04640503029544112 
0.005860688068563028 0.0025448563426951273 -0.046203001410211955 
0.005841752775700934 0.0025313343888194464 -0.04605417327030828 
0.0057747886212894005 0.002102506094342922 -0.04556013325017214 
0.005773359103700497 0.0022935574475003977 -0.0455326212619709 
0.005758217754666545 0.0024748968596646375 -0.04539732987281161 
0.005711533198028035 0.002251868814458022 -0.04504647165551065 
0.005654119483409408 0.002402103278706216 -0.04457900451849796 
0.005682251401697714 0.0029028108677055593 -0.044759388891983304 
0.006032405394962729 0.000541004602648855 -0.04773286803110862 
0.0059215480441594465 0.0008736253424280081 -0.0468266535861136 
0.005874150188662681 0.001332498141751878 -0.04641236141850024 
0.005805531556991293 0.0011025477026925525 -0.04588836443369725 
0.00584492708050814 0.002098177988305432 -0.04611602058762699 
0.005708738886918065 0.0013393321258910339 -0.04510166825174298 
0.005717150880053305 0.0017342918644474424 -0.04513482516562606 
0.005715553488409669 0.002026152543811692 -0.04509744096014982 
0.005617661211991774 0.0018711599800545842 -0.04433523476050858 
0.00539816702564086 0.002129031329511246 -0.04257491371613648 
0.005360282424079839 0.0020085428878699927 -0.04228506492988268 
0.005254745211907362 0.0027209384967664075 -0.04138880562228486 
0.005120411844569204 0.0017632761594521752 -0.04040599188217789 
0.005096202289157913 0.0023245395015375433 -0.04016668238801376 
0.0050535566068933965 0.0026845735140702833 -0.0397984046704508 
0.004975851707190134 0.002244695740404889 -0.03922023061051318 
0.0049459880560862425 0.0025126058228487486 -0.03896099754475409 
0.004807193719589188 0.0024141180374104426 -0.03787004482398606 
0.005251833000538097 0.0019723250942857247 -0.041429177524388426 
0.005186818558544631 0.0018358422240819777 -0.04092580649812869 
0.005136915131847748 0.0018110245476826092 -0.04053265735334037 
0.005108729742716772 0.0021847913160449395 -0.04027774638471045 
0.004882444507607766 0.0014728774056558154 -0.038545817660644695 
0.004778797257129443 0.002384159174883542 -0.03764767385276485 
0.004683601978699851 0.002329082918717774 -0.036898361876286825 
0.004634808757792386 0.002298354324094424 -0.036514506832956525 
0.004508764824190838 0.001834326360639612 -0.03555551759105108 
0.00440934382905712 0.0024484892888374855 -0.03471602506521401 
0.004197790876167186 0.002308917215966047 -0.03305228071951229 
0.004080258675468222 0.002033865195603927 -0.03214469346216827 
0.004058377872213479 0.002211218278321755 -0.03195636109392254 
0.004016247804922903 0.0018897665058010612 -0.03164991643052963 
0.004294537071768794 0.002031010831628836 -0.0338420934888997 
0.004135292059695713 0.001454935339799196 -0.03262963528037004 
0.004153976930932932 0.001953072708427768 -0.032735413612696745 
0.003679961059842362 0.0015754738173046426 -0.029013043662843487 
0.0036869765342336996 0.0018689567430443246 -0.02904373883118102 
0.003649046197785749 0.0017484535713514933 -0.028753529057215156 
0.0035959745123036527 0.0018092898118229046 -0.02832802789409004 
0.0035535780983309475 0.002072832990733247 -0.027969901114275466 
0.003514929137411916 0.0023369222950694844 -0.02764140916492375 
0.003459647639795817 0.002011892466809288 -0.02723110388265365 
0.0031919761259191805 0.0017236859844592348 -0.02513547665248336 
0.0031730237592693684 0.0019023126598796062 -0.02497023057876855 
0.003125189523653401 0.0017721844229876584 -0.02460239416731384 
0.0031115203417567397 0.0017598613510962451 -0.02449517383298143 
0.003429772422285803 0.0017523283515721757 -0.027016477449381574 
0.003257184553098954 0.0015564489721349353 -0.025666121375986548 
0.003069627022770907 0.0013498070260316705 -0.02419811249064148 
0.002746054304058306 0.0013432126052282743 -0.02163586476073466 
0.002716408075734217 0.0014190354388934452 -0.02139463125989684 
0.002296872727912251 0.001405201951283756 -0.018072940143238635 
0.0022458926329114916 0.0014658873704679548 -0.01766401787233176 
0.002339055119572846 0.0015376102540650572 -0.018395818805418983 
0.002205821358579412 0.0009717249037064126 -0.01738851508299894 
0.00208933094550665 0.0013857410484386613 -0.016430787400441207 
0.0019508729945967185 0.0009099641987708127 -0.015374470500227581 
0.001981111904515863 0.0017035403025031357 -0.015546725245955234 
0.0018910485949442594 0.001067670086468377 -0.01488727678413924 
0.0016802186190038374 0.0008243332282781734 -0.013238051706441524 
0.0017204006840320725 0.0017183653398902643 -0.013480546982467971 
0.0016501088987535514 0.0018576864161852238 -0.012912005925723518 
0.0015500263318500515 0.0013029754271662057 -0.012166324075830362 
0.0014405302507783859 0.001121641883648594 -0.011314443915256028 
0.0014550153911729773 0.0014188306514493032 -0.011403987358155693 
0.001584655758652709 0.0013248279773575534 -0.012438749185439083 
0.001510978901899139 0.001278000783350288 -0.011859171437719288 
0.001378427372924332 0.0007134931965156075 -0.010857154474213732 
0.00127787834232619 0.0013314151616710616 -0.010008408980537948 
0.0012173593948439788 0.0011973498107742226 -0.009540438946597394 
0.001156448648796485 0.0008624227348436338 -0.009086386786698899 
0.0010702650251656607 0.001002915556656067 -0.008391877643856788 
0.0010185173716615898 0.0007792264499769614 -0.008000973987062478 
0.00105056537294569 0.001373971348757875 -0.008204406340855171 
0.0010452795230848425 0.0015644446560752435 -0.008146399866504932 
0.0009683543838891124 0.0010330084724525514 -0.007582160449689332 
0.0007299240398216699 0.0005689734080761405 -0.005733033020522089 
0.0006792211183245436 0.0005310308424231171 -0.005334663808694905 
0.0006878269815060537 0.001016868174125964 -0.0053616552587860454 
0.0006769316221093012 0.0010057720444713034 -0.005276300575586375 
0.0006298446720636074 0.0006832146908979162 -0.004930689393418426 
0.0005954713190906173 0.0006762442843975 -0.004659031360994457 
0.0005349497065006751 0.0005417024935062475 -0.004191080592086142 
0.0005188660257320003 0.000628143497687694 -0.004056367318743785 
0.00045616326210732466 0.0002998989974124609 -0.003587555484591357 
-0.008321645575561932 -0.06443710423886691 0.06044986777725024 
-0.00828757537509395 -0.06316401175584598 0.06028790219036646 
-0.008285625662675808 -0.0628716663315732 0.060297233196490066 
-0.008263738995168014 -0.062379590702455814 0.06016558187048708 
-0.008337800947526262 -0.057111470953676656 0.061198599105643736 
-0.008403757716651677 -0.057639207720375764 0.061676278771224446 
-0.008327067819780857 -0.055855961464696076 0.061219981126709594 
-0.008335065076309869 -0.05557277939567958 0.06130731902306634 
-0.00826769151550763 -0.054466762173618975 0.06086742145533945 
-0.008252649367600598 -0.05406999744698572 0.06078190440417469 
-0.00821545419537355 -0.052704277338121386 0.06060303725158416 
-0.008248038931236901 -0.052921794553190106 0.06084268705704135 
-0.00814814534786356 -0.051508657634760854 0.06017124516291651 
-0.008205801549770048 -0.05127197210093376 0.06064795875870292 
-0.008290346514909747 -0.04752839821596105 0.06163481479415136 
-0.008242709419010527 -0.04566750438320095 0.06141520513201611 
-0.008172362835446631 -0.04446842974576832 0.060959645907012874 
-0.008218550745386636 -0.04422145166013215 0.0613463989024898 
-0.008173701497954287 -0.04351710400804342 0.061050864056934905 
-0.00815551730450051 -0.04321986028486281 0.060932027506252304 
-0.00816934110050227 -0.04323223000722001 0.06104046848398282 
-0.008127998945303019 -0.0422432356467967 0.060796832012401054 
-0.008263983300818479 -0.038920682948746475 0.06215542820530656 
-0.008275528417296604 -0.03883228613520096 0.06225436023358554 
-0.00815898446755119 -0.036827878202908865 0.06150114614016157 
-0.008200900170012656 -0.03705582406102231 0.06181381666599794 
-0.008223336832049524 -0.03706981602975493 0.06199033701754224 
-0.008209859076941016 -0.03667371878973162 0.06191715392919803 
-0.008129171996136553 -0.03348193163111657 0.06154855718824923 
-0.008197057455453344 -0.028941071016403083 0.06247102643939078 
-0.008242117868569326 -0.029069972311058283 0.06281699719971276 
-0.008146986121786794 -0.02737061344901748 0.062207525169466635 
-0.00814054357996513 -0.027076326945432213 0.062181435918238846 
-0.00813975628256641 -0.026983624608870545 0.062183055863572534 
-0.008119362276978608 -0.02630051481695833 0.062079415193744936 
-0.008165039448330885 -0.026622451334387554 0.06241391305649052 
-0.008110071936901542 -0.025814972702692444 0.06204697743589014 
-0.008091074450057526 -0.025233339723596957 0.061945798511608134 
-0.008027730912874875 -0.023490539231340965 0.0615917812180962 
-0.008149779285057744 -0.018972548669283593 0.0629413012424737 
-0.008117125876266703 -0.018277736641624128 0.06274155355773604 
-0.00811770262267443 -0.01818564041115505 0.06275392583478007 
-0.008050012486629853 -0.01642923028473688 0.062366635274876736 
-0.007954953226613099 -0.015115873582663327 0.061725027483845334 
-0.008034907411638604 -0.01585462853496964 0.06229568975562366 
-0.008031547920527045 -0.015561662274552699 0.062293907442324895 
-0.00801648667120232 -0.015180899325405076 0.06220688310838567 
-0.008116197582475356 -0.010070812655817564 0.06342965711921339 
-0.007989240658853444 -0.006749564746920513 0.06270555792963041 
-0.007956976383519993 -0.006255138004300381 0.06249191163588294 
-0.007971123305159304 -0.005991074639100602 0.06262633686029105 
-0.008049685080351303 -0.0007507124323006248 0.06369264205224996 
-0.008137320631101376 -0.0015862027010808061 0.06431594600117918 
-0.007953001970111277 0.001966956120893756 0.06315717440858645 
-0.007943419291963301 0.002355545691594406 0.063114205460239 
-0.007934936291609537 0.003188368054624953 0.06311759068917744 
-0.007907167510787306 0.0036803772779381728 0.06293934538774917 
-0.007956063308629786 0.009715119166316065 0.06383800175109014 
-0.007927745147971321 0.01048928965370882 0.0636793155612654 
-0.007906968903499834 0.011165096033821518 0.06357202853660623 
-0.007903207434609021 0.0112590866931373 0.06355020119969701 
-0.007863628329226952 0.012231347948636588 0.06331911071953351 
-0.00783774951009901 0.012524471011618498 0.06313898091782322 
-0.007849643748206164 0.01269761399336778 0.06324785951171286 
-0.007832019227372443 0.012894805317721412 0.0631249773042632 
-0.00793531638968115 0.018427660249114682 0.06441198109493161 
-0.007908275155533783 0.018920426399807712 0.06423956235401122 
-0.007911787966222696 0.019193834342821216 0.06429055364545479 
-0.007881667495203224 0.019779213389306053 0.06410159432653968 
-0.007920355405402615 0.019736892711034633 0.06440442953976662 
-0.007856003872843836 0.02091689529511633 0.06399473699941659 
-0.007765596503048792 0.022198871843338495 0.0633873146102114 
-0.0077570715101966 0.022286991809758627 0.06332726105177314 
-0.007874115412015874 0.028296487036700905 0.0647635342884535 
-0.007881154439140763 0.028285968952886344 0.06481839448550425 
-0.007815432383829755 0.029375761430431545 0.06439020251854176 
-0.007869709161267356 0.028951346689954336 0.0647841281812243 
-0.007800848874247685 0.030032910816670363 0.06433038307467823 
-0.007759809799129784 0.030891087035422014 0.06407806155206038 
-0.0077862783179544915 0.030575337139654744 0.06426094457575679 
-0.00790544056673665 0.036495351246481164 0.06570641320102018 
-0.007866246563727213 0.0369981147315463 0.06543858755202671 
-0.007822684535589708 0.037603166912187846 0.06514483361021262 
-0.007807201153962312 0.037891786980400605 0.0650466576426275 
-0.0077775519437396825 0.03866273625134757 0.06487715611888603 
-0.007777147522702445 0.03893841241152475 0.06489731380505569 
-0.0078123873355052526 0.03871228627153974 0.06515726320589836 
-0.007743551895746785 0.03951039438628466 0.06467969479331889 
-0.0077592967430674 0.03939784259900231 0.06479486171102494 
-0.007717018844046521 0.04005846763064256 0.06451598776248398 
-0.007822761793916541 0.046847540567447055 0.0659288151283082 
-0.00775920381585255 0.04755148170631224 0.06548506629277866 
-0.007685850699429278 0.04863498691234077 0.06499590092888123 
-0.007700343684747063 0.04869820328255837 0.06511604729153525 
-0.0076673469863524565 0.04907930191581065 0.06488699651584134 
-0.007643105570696674 0.04937915420491371 0.06472040574498679 
-0.0077786826786315775 0.05569023582627409 0.06632902478563855 
0.0076891724212769606 0.01821773841498216 -0.05935710016155672 
-0.00817472622220933 0.05625901482347807 0.06951402345133265 
-0.008386325193915219 0.00434148583574486 0.0667904604711394 
-0.0023176646976846233 0.0007875371253729061 0.018423432688556857 
-0.008882473961505936 -0.02812006491078498 0.06796933164984861 
0.0020997071670948455 -9.060830718343003e-05 -0.01663807668755431 
-0.00914414295628132 -0.026543423424678855 0.07017544437251286 
0.007517954171084914 0.005511219863469843 -0.05907774537278475 
-0.005632071246097523 -0.0006960096717056226 0.04454894956937714 
0.007397506327789724 0.023046619720995153 -0.056637804874300736 
-0.0005306587592922635 0.00041292432839000085 0.004237990043000529 
0.0025023818490182296 0.0017608357242676939 -0.01967050617441802 
-0.008091960025528722 -0.06048992478011756 0.05896516428291811 
-0.0006899219257769593 0.004373245308842336 0.0058350069560053 
0.0036880146611002825 0.00019911660083470512 -0.029193463654155805 
-0.008896775650842513 -0.01576209158731057 0.06912982242543357 
0.0064529817448592455 -0.00019819359532723962 -0.051126616257680974 
0.005342436709673145 0.004803055386656263 -0.041906913364439406 
-0.00031082899974045007 0.0012676718284900176 0.0025692946318317585 
0.007770943846480184 0.026856311823624957 -0.059272723799600566 
-0.008319231040718671 0.033741302703056364 0.06875039671950436 
-0.00034249638192775523 -0.0007884503979192193 0.002645875019024731 
-0.00244509720394367 -0.0015666393339859631 0.019233248434428255 
0.0012778346099694734 -0.00039298457258028915 -0.010154188496628974 
-0.0037005287217267108 -0.0019545410797062765 0.029143824359313616 
-0.008783729620063234 -0.03572698111784799 0.06654263149416488 
0.007473384340845615 0.030204438505710536 -0.05663223004176668 
0.0004280048170212707 -0.0006527799721134343 -0.003445261132161206 
0.007272148136727075 0.01761976737871432 -0.056104797427605796 
-0.005530669780662635 -0.0024355655661424318 0.04359840507352958 
0.005569279283111418 0.005654453883988957 -0.04363143645383999 
0.007717551512497795 0.04345779023453425 -0.05744302650011254 
0.005569204055655988 0.0007791272184153627 -0.0440439765372612 
0.007424287161640594 0.02823990124881573 -0.05640983877999312 
-0.002103012166741277 -0.0015781900256811206 0.016522839194295435 
0.007493759235776565 0.04983784040267967 -0.055129868762285865 
0.0013766455210880012 0.004346952271144836 -0.010535141733314676 
0.001712354027539422 0.004916583325536031 -0.013145797242090545 
-0.0006284304022366987 0.0043469636689090225 0.005345745959242661 
0.007627946589727478 0.056116489868801064 -0.05566062478158051 
-0.00064255982041521 0.004276914798751604 0.005451719829477694 
0.0027235551312294417 -7.564455974414624e-05 -0.021577897789127904 
0.0072580150763684025 0.015928123782134852 -0.05613620888963146 
-0.00837642797279138 0.023842256298051357 0.06836456930125064 
-0.006891990463426323 -0.01549977905187162 0.05327346682998009 
-0.008249526598022352 0.005457798567428217 0.0658015653363067 
0.002005062517440196 -0.0008321699916476183 -0.015951298757035395 
0.0029476984712449856 0.0005333975839416505 -0.023301579340759566 
0.0010276747160658673 -0.0003590321926125842 -0.008169959492645462 
0.00023844389885947735 -0.00021085482327527126 -0.001906425057739387 
0.0032780517339026927 0.0015124134828542687 -0.025835128155122164 
0.005807197280523396 0.005673336909992111 -0.04551422817264478 
-0.0039897364553724175 7.876458370193797e-05 0.03160675109831771 
0.002617900152753447 0.008336510026394876 -0.020028227005173718 
-0.002553626207182888 5.864808751935515e-05 0.020230562338678086 
-0.005102337338665784 -0.0008718106975520113 0.04033837853337391 
0.006575303119056214 -0.0018314203532429766 -0.052233843235248656 
0.007481925521784177 0.0423896285357318 -0.05566730428947623 
0.005730628059381617 0.00027410010577534936 -0.045365305900890156 
-0.008155808837811878 0.04773580465257254 0.06864193319594958 
-0.005981743387806715 -0.005786019998576673 0.04688714422729357 
0.004488965262822127 0.0050838336432326775 -0.03512333456375699 
0.000841453257436059 0.0018167795152656929 -0.006510643273018927 
0.007486675672706391 0.0219416334819001 -0.05743769326675266 
-0.008430483257369009 0.02918154802225302 0.06924515801235562 
0.005614024880039741 -0.008237029173641865 -0.045163003228634875 
0.007437915546249605 0.02103785461005508 -0.05712808275381202 
-0.0019296470968159932 -0.0012248364971947617 0.015179671808309075 
0.004372951098318079 -0.0006538218657383355 -0.03469067250837611 
-0.0011670041531600009 6.163332332640536e-05 0.009248294638075763 
-0.0010192897477217374 -0.0008947859856579234 0.007997298937156531 
0.005489493360522873 -0.0025020190218219425 -0.04369068540653339 
-0.008414817355818735 0.014712643548750355 0.06789498158842353 
-0.00909452442222784 -0.034660591030791305 0.06909459862464276 
-0.008115797655663842 0.056303020156974457 0.06905101807872548 
-0.0018902759765324743 0.00024496831309918496 0.014992390556447263 
0.00295515498719057 0.002431169019064712 -0.023199820060820282 
-9.183169766824881e-05 0.004446921699578899 0.001104171246938469 
0.0051943225563628554 0.005118120164315364 -0.04070710000259983 
-0.00853645052002889 -0.0062283939933896635 0.067083811175616 
-0.009910557564499035 -0.06718414029571212 0.07280180963619104 
0.0038433491008097644 0.0003601818329810593 -0.03041011682423452 
0.007516320155890499 0.039926094959983206 -0.05614848175258855 
0.004471369912137004 -0.0012744702316883094 -0.0355227769925795 
0.0005676875922314727 0.0011593320209520308 -0.004398037819671114 
-0.008965233909450669 -0.04861769355693208 0.06688784661196508 
-0.008527485981432869 0.008226664104860457 0.06823773275002523 
-0.006333027657547316 -0.0030810688297740253 0.049898653692926266 
0.007503124048497876 0.03462776129758031 -0.05649294565783217 
0.007936512664905812 0.05746262905734363 -0.0579905015409303 
-0.008606878004951976 -0.04846755328518064 0.06406226825723974 
-0.008339627087370977 0.008241961333363005 0.06675112238091126 
0.0012715450875467728 -0.00060668500649602 -0.010122482335756156 
0.005842728590698674 0.00534961371449251 -0.04582308064722367 
0.007468864973466954 0.03472717869336454 -0.056213177427501974 
0.003927480300486657 0.0003484299822921588 -0.031077460538619445 
0.003574401771232987 0.002120323926543984 -0.028130807333010485 
5.472094370125016e-05 -0.0009114249340413143 -0.0005106428650728001 
0.007396565905275497 0.022757897242444314 -0.05665482279251584 
-0.003227416879036416 -0.001606577614032506 0.02542610331303871 
-0.003493782277766387 -0.0015500403226394266 0.027540599303698378 
0.0049006488946916745 0.0029806401621039302 -0.03856223458790867 
-0.008418353287383225 -0.007824764142696115 0.06601316407763708 
-0.0019758950511570344 0.00037294235175055107 0.015681367434617878 
-0.008381649120855997 0.012885220063600922 0.0674774216899463 
-0.0021579787144597887 -0.0018591564315909958 0.01693438390671213 
0.005745654779794361 -0.03134397714461235 -0.04816364325692022 
0.006685852651151088 0.009347884318703295 -0.052162097370231295 
-0.008857867506904992 -0.06262738819391252 0.0648502843835108 
-0.008740350894057156 -0.026894992775824668 0.06694748116827352 
0.0011666237974653822 0.001389549650643694 -0.00912230862876394 
0.007532290023786156 0.002190438195116206 -0.05947269376182736 
-0.007745588621898532 -0.01019363305857019 0.060483899643403456 
0.007304202689502283 -0.032121578160852864 -0.0605737695012919 
0.00730139732548675 -0.018555447404157467 -0.059401954110615954 
-0.008270420613136884 -0.043397421867086165 0.06182705439410738 
-0.008190822266779975 -0.029307681548321106 0.06239057498237597 
0.0074470526748543755 -0.011354970162732899 -0.05994542475031495 
0.007629629280067266 0.0011694114900573057 -0.06033017590161558 
0.007712798975921585 0.027032157706023914 -0.05879729534220152 
0.007810075620615786 0.04022903595185394 -0.05844945418546193 
0.007245363820490103 -0.04555894251013619 -0.06124642980934319 
0.007396231485243737 -0.03294424367581731 -0.0613723818213745 
0.0074639554413561205 -0.01835894861520966 -0.06067281862031706 
0.007796633490464805 0.033315980786998434 -0.05892880124790506 
-0.008219458643774715 -0.028271540912951917 0.0627051875895789 
-0.008205659735434195 -0.01609686720626186 0.06362757918873621 
0.007567942778929779 0.013868209551025289 -0.058765499679357174 
0.0077734297548371295 0.026399309220851763 -0.0593311395124577 
-0.008273300374616153 -0.03489828166996195 0.06257008150050954 
0.007164374602395556 -0.058902911097111446 -0.061735737409937666 
0.007600365739742038 0.0067690303481635974 -0.05962388611953444 
0.007752352749735816 0.019583833980136425 -0.05974174681803157 
0.007877849175184248 0.04725439995232039 -0.058390913509505676 
-0.00834575222973257 -0.05599466396250614 0.061356214370193785 
-0.008279707291480398 -0.0417095260983794 0.06204364060094998 
-0.008285557200832242 -0.048421194567964294 0.06152122609312526 
0.007389557340632555 -0.045519209298965226 -0.06238512478164447 
0.0075247501969705885 -0.032809356364727184 -0.06237886358010247 
0.007557603656924634 -0.00696246370214003 -0.06044880466476945 
-0.008339396266565989 -0.05504745888497992 0.06138613926908814 
0.0073765176038888 -0.05233273515545395 -0.0628592248089546 
0.007750488942731472 0.012622065550983995 -0.060316926127023426 
0.007997749107497782 0.03943145540180275 -0.06000347945082529 
-0.008143389374183758 -0.03845527511247925 0.061239721812234596 
-0.008169349807460126 -0.02469636368125876 0.06261126952995497 
0.007494263847325064 -0.032271544949094504 -0.06209182704970151 
0.0076254567381694215 -0.007392584093684206 -0.06102267272937542 
0.005310088995860411 0.0026349073619236383 -0.04183443760110908 
-0.008331493268836377 -0.056693429448552116 0.06118406503385596 
-0.008102923814798517 -0.04555155205112551 0.060317881180385516 
0.007520056653365492 -0.03937252914003305 -0.06289785335259712 
0.007593721773440159 -0.02777833788776043 -0.062498812784983974 
0.007597703843409292 -0.014209879052527968 -0.061380558909955606 
0.007440724844010606 -0.0458059380718053 -0.06281468633854939 
0.007831599631355228 0.019552350162249585 -0.060372077153600046 
0.00801079903681702 0.04693974999279897 -0.059470585345755514 
0.008029918618306361 0.0398374225237264 -0.06022387125862521 
0.008012709740112733 0.05369838238846627 -0.05891299124927217 
0.007583228433462694 -0.0066094195016221605 -0.06062184463617159 
0.008010281714919017 0.04678904137058591 -0.05947925905066223 
0.007461815630125501 -0.054355562506556016 -0.0637062290271561 
0.007848967920644802 0.011799719563439039 -0.06116659901803239 
-0.008139743357085704 -0.0527744989352778 0.05999743094275468 
0.007953192942435135 0.03325368706297216 -0.06017408440518972 
-0.007947878203323785 -0.01932412624855765 0.06131238292075953 
0.007503616295129048 -0.0546928799116838 -0.06406588891044433 
0.007592898741244942 -0.04149841276002322 -0.06365493528471272 
0.0076096832288777595 -0.02732754575145255 -0.06258703277527274 
0.007762181511496924 -0.014413180890698738 -0.062700506094323 
0.007869519739483119 0.013151828277657837 -0.061214798554047635 
-0.008128791347254131 -0.05352076804769463 0.059847448324893866 
0.007729919862275837 -0.021132037392176842 -0.06301433970870719 
0.007722397748948917 -0.008165874254547048 -0.06185600739685891 
-0.007995669857589515 -0.04762074155302177 0.05929304974789083 
-0.007967338116881367 -0.03284804055679127 0.06032049356776666 
0.007753197322126015 -0.015164879697397706 -0.06269304731262682 
-0.007989392062587461 -0.054428048867434325 0.05866647522584546 
-0.007827991530959881 -0.027046214822402725 0.05970846855331674 
-0.007689086645488915 -0.013637009356882076 0.05974459245327402 
0.008041449313943813 0.030784736816152576 -0.06108232425011018 
0.008157006583746526 0.04288983876846376 -0.06097178917962019 
-0.008000397173430648 -0.0461765720497148 0.05945287084497344 
-0.007827981901993956 -0.03375485966658813 0.0591399007214625 
0.007625039067046538 -0.04089121012474886 -0.06385804320979126 
0.00773159741809243 -0.0286891343543901 -0.06366801605072164 
0.007796627970143237 -0.0002386952672104893 -0.06177218579089871 
0.008025679175455411 0.009805840051179491 -0.062735174210992 
-0.007773284717840359 -0.01481046033874688 0.06031203155686301 
0.00786303803774751 -0.0209935041003991 -0.06405694183162357 
0.008119174863785024 0.029361162252557953 -0.061818571095876566 
-0.007859633844957494 -0.04708324676336192 0.05826114541421469 
0.007583571853985163 -0.054121419496204005 -0.0646507386274953 
0.008036795597167284 -0.003907640259564183 -0.06398530244291156 
0.008127824087879742 0.02245555257201537 -0.06247225830418769 
0.008230017830877463 0.03625245981742837 -0.06211251569973061 
-0.00792112104559117 -0.0535110751795648 0.05820344992092364 
-0.00796800318786357 -0.039160126358500136 0.05979087406269228 
-0.007951529157027373 -0.027384094956122457 0.060658296768750564 
0.008031782533939153 -0.010617884315159322 -0.06451422435304889 
-0.00785878632137954 -0.03466377933586931 0.059306860264487116 
-0.00777617976492247 -0.02147113190233717 0.05977053501521239 
0.008250965965538213 0.035710145740876276 -0.06232438786307393 
0.007790307599552152 -0.04765022019305662 -0.06573978600630906 
0.007952072773734244 -0.009694109701906988 -0.06380461500544116 
0.008221478138817073 0.02899251618163491 -0.06266008712859086 
-0.007805460278793313 -0.034897821365240965 0.05886466702169883 
0.007916669078966451 -0.016313445199932435 -0.06408512912030749 
-0.00761433111923408 -0.014714606390667987 0.05906118739718826 
0.007890879376485404 -0.03699560369796278 -0.06563347506417751 
0.007858107649830076 -0.02274047646342721 -0.06416593017316165 
0.008018616344563464 -0.011020589086269975 -0.06444406889498568 
0.00818202036611266 0.015563536985745722 -0.06348554178547011 
0.008308613616365337 0.02817091169693575 -0.06341985278399113 
-0.0076957475181550555 -0.0352142572519833 0.057968889628942845 
-0.007235955498171664 -0.009837873305735897 0.056477578225444885 
0.007948358197012482 -0.03002013278292158 -0.0654976245229865 
-0.007733018370305384 -0.02756933640426748 0.05891191925430049 
0.00786350665398369 -0.050221255119268865 -0.06653741742378977 
0.007966969207560808 -0.024253564630704924 -0.06515637024108768 
0.008299568995636525 0.029914320002124763 -0.06320047961556033 
-0.0072536409426157186 -0.010292242469451108 0.05657914968015456 
0.007956690033367336 -0.03096500756828433 -0.0656436843456537 
0.008189653495143634 0.008408856455486668 -0.06415228747457996 
0.008233772004221318 0.023385416621674582 -0.06323260520018788 
0.008384409798631857 0.03480315076765848 -0.0634581675271787 
0.008207452401892858 0.010060871458197462 -0.06415326890206752 
0.00832421145553856 0.021468188170221544 -0.06411138279602357 
0.008322867267060134 0.036730401682782424 -0.06280741410876435 
-0.007644087364770912 -0.028240605721220797 0.05815067182806 
-0.007399423350674563 -0.014500509987638204 0.05737718696745531 
-0.006693773822042247 -0.005011664571127493 0.052592287661204565 
0.007997317758481516 -0.03711145789391371 -0.06648632093630852 
0.008146533443067972 -0.011628904713232508 -0.06550876479943009 
0.008228479774751326 0.0031595820307226035 -0.06490462918103587 
0.008315605553361758 0.0147574446396663 -0.06461189051909623 
-0.007653697987126175 -0.03485196433955902 0.0576665437245749 
0.008067563729477732 -0.031029939902808664 -0.06652734429558352 
0.008312176738260365 0.023310687689334586 -0.06385993003650521 
-0.007552447650018767 -0.02706536414748096 0.057524444107833854 
0.008519336435936466 0.029533679248134735 -0.06497336842231421 
0.008502982181073367 0.04119992303438714 -0.06385523789052074 
-0.007354938575030232 -0.016680955599794253 0.05684008105051463 
-0.00754787164427355 -0.04698952194725403 0.05579982446712043 
-0.007386817386885167 -0.029807692123740275 0.05598021052213059 
-0.007387337620709695 -0.036515995100022916 0.05541586835464185 
-0.007592677715124628 -0.05326104756162385 0.055623253846480404 
-0.007423961545092937 -0.023008786119407022 0.05685054526383229 
-0.007450582011510128 -0.04199477242080204 0.05545251313987392 
-0.007423924771405097 -0.029617513136857104 0.05629022948807839 
-0.006634500941080797 -0.0067354243191143194 0.05197675452340729 
-0.007400596006954175 -0.055495477012819844 0.05391255517089184 
-0.007435633280333116 -0.04283698624141537 0.0552627447538019 
-0.007228690277654299 -0.0166391720206922 0.05584369212539363 
-0.0073582315205531325 -0.035755229655419454 0.0552498054693127 
-0.007273352235007598 -0.023060753834566447 0.0556532642918059 
-0.006955820471107847 -0.011693413306807133 0.0541015743127804 
-0.0065243710051811525 -0.005602711148492821 0.05120047406776713 
-0.008333398812926787 0.026931535883525228 0.06828554966003299 
0.002902627838073507 0.0045331869227967095 -0.022605661772513896 
0.0009735169083148743 -0.0003054239210712446 -0.007736468369039048 
-0.002350582480291895 -0.0022944642951729954 0.018422983518215637 
0.0014595439925224978 0.002203734393083641 -0.011373342568475104 
-0.00813488061882058 0.058662701267117784 0.06940212140032155 
0.007506152184470209 0.046868811091123085 -0.055479621140120075 
0.00600657910999578 -0.02938796815014485 -0.05006450065168793 
0.007717396297735549 -0.04184619363824417 -0.06467046949391012 
0.002201529081941766 0.004818639197248727 -0.017028530692345875 
-0.008456595564922958 0.013470912268734822 0.06812065479163905 
-0.0032239807744684 -0.0017772437902906085 0.02538442591297106 
-0.0023276125282356694 0.00046863918723454284 0.018475199448123203 
-0.00874807714465338 -0.032252776893207095 0.06655465628694608 
0.006882026261392236 0.010990619999054919 -0.053576653756042876 
-0.008292114768267694 0.0344028189928287 0.0685916835615854 
-0.0033248250402248334 -0.0016505451048251301 0.026193883435856373 
-0.008916465378152522 -0.00825578182192187 0.06992185760829339 
-0.0035218229354563725 -0.0016879248011704977 0.027751006546677545 
-0.008742793000311933 -0.051946110802947316 0.06484398799743396 
0.007626951913648613 0.05943994900151582 -0.05537111618319594 
0.0055136271251880024 0.0006925370997871336 -0.04361112590916872 
-0.008930244623209333 -0.052303536749681405 0.06629838060096693 
-0.0017641968207102237 0.0006093528363062927 0.014024678542487923 
0.008109292371514117 0.04731263187179963 -0.06021908815928181 
0.0008125823940037241 0.004299030733254345 -0.006071629826084804 
0.006480663781981822 -0.031062834143662888 -0.0539613417093568 
-0.009069873887400133 -0.02779490773187537 0.06948115699156894 
0.0029929037498500526 0.002199344916130934 -0.023518447974242775 
-0.0015493499877898157 -0.0012137985326580618 0.012168524063047038 
0.003507323011313084 0.0019438490787470966 -0.027614475129269116 
-0.004109266115628576 -0.0017907268303141823 0.032395045885552406 
0.0017063204064067103 0.0015044444465346556 -0.0133871540589683 
0.005019768746271416 0.004978585293308181 -0.03933639836313574 
-0.008386755265249325 -0.018783248635939664 0.06483427332645036 
0.0011711765422790805 0.004595976194111511 -0.008886654859287569 
-0.0016233626827120888 0.0008702037364552599 0.01293132857116354 
0.0019204877613788768 0.005254304386697351 -0.014765669029194706 
-0.008692716776315754 -0.06013605157606855 0.06375335037970886 
-0.002861114607630152 0.0001558607716961438 0.02267421339926656 
-0.008112466517619698 0.05585915717350649 0.06898702131111749 
-0.002131575421799546 0.0009146766687361777 0.016960315834812167 
-0.004387748827072326 -0.002002531793518154 0.03458277577230417 
-0.008376835191468014 -0.0026499396820306356 0.06612284196398778 
-0.0013587887864295566 -0.00095446990753806 0.010681189753411213 
-0.00877332465918824 0.040696999013645464 0.07293640015023412 
-0.0014871015012334406 0.0010370783734902729 0.011866234416103901 
-0.008412972192227109 -0.005541362217024265 0.06616403978511906 
-0.006256899879805174 -0.002271176611274946 0.049364326057422456 
0.005094909791283721 -0.002343680549878193 -0.04055203102815569 
0.006976393877671933 -0.010565111644016205 -0.056150713457929935 
-0.0019679939404397793 -7.731560997755738e-05 0.015580633009826872 
0.0013234605050720255 0.004674719655641517 -0.01008612316856467 
-0.009597350909437868 -0.06401677051477672 0.07058950925053914 
0.0026521332553767684 0.004714748069715731 -0.020606273529898075 
-0.008634154921852702 -0.004840369349276688 0.06797528485315169 
3.275346748854083e-05 0.0016444195741782543 -0.0001200702983510996 
-0.0006883215488918379 -0.00016033179556328552 0.005438155422328972 
-0.008568735229730983 -0.009912000701693085 0.06702736772941967 
-0.00016666874668066933 0.0044542731348348906 0.001697529219092475 
0.001739339775074809 -0.000404050241884213 -0.013810404871389018 
-0.008286685119627211 0.04478393242985119 0.06942837599309047 
0.00747688024252539 0.027747066985478124 -0.056868156808151125 
0.0003044457520135838 -0.0009679574963285969 -0.002493339290468292 
0.0003298473876447007 0.0012719163668669317 -0.0025047216818815904 
0.0016285157812907763 0.0021701446110463083 -0.012714503299889043 
-0.0017982330712963872 -0.0003183739159848028 0.014215641578362314 
0.003171750149320254 0.002854843435328181 -0.02487942555226992 
-0.008454910037067519 0.025290003469605162 0.06910885639036055 
0.0009218013920520485 -0.0011313757766066366 -0.007396855085567205 
0.007499886712652997 0.044995522552860295 -0.05558873921236315 
-0.008668875667709847 -0.017488932772068116 0.06717844387363742 
-0.007825185639190933 0.06603832372355757 0.06757424264544429 
-0.008236682239756439 0.0067033572799920955 0.06580538245966766 
-0.008895230866911663 -0.05336566795065486 0.06593105452523038 
-0.008260979342761711 0.0514754335717693 0.06979181626032732 
0.007428265548783643 -0.039808847848691195 -0.062207810139098 
0.0007693535899178956 -0.0011138474469305811 -0.006187931026720118 
-0.008935258136957338 -0.04587421404636082 0.0668829111108399 
-0.008212138266580342 0.04655607601144546 0.0689881111459763 
0.007588940254873842 0.06718648275328401 -0.054413608423453635 
0.007543587570921541 0.05177676624142371 -0.05536022134444579 
0.005008847025673667 -0.0017853680711756893 -0.03982307302195914 
-0.008932994333415841 -0.041667732678035724 0.06722143887302622 
-0.0003211554960948857 -0.001104334789290363 0.0024500798175183308 
0.00023206672965693707 0.0007314677589584137 -0.0017760631411773448 
0.0062949108754299914 -0.004161976543597461 -0.05021053249663686 
0.0014096309787868494 -0.0005234420711635583 -0.011209115778790751 
-0.009050818573891768 -0.03289540994908476 0.06889801507422781 
-0.004240841231903192 -0.0016563810269765893 0.03344855026747036 
0.000153140430208706 0.0008887443277699874 -0.001137612229470393 
0.001982272383480174 0.0050290152252486665 -0.015274115393881649 
-0.008900112891591726 -0.03171077647542785 0.0678047605709494 
-0.002224129977747558 -0.0012074943189781698 0.017513546469917523 
0.007142479352607703 0.014277704169539523 -0.05536098326751933 
0.0020980656541595547 0.002198074462049843 -0.01643113202391286 
-0.008129103108966172 0.029837191095789424 0.06691368350547312 
0.0006879206191115437 0.002342601838995332 -0.0052500540316493685 
0.004052250362421999 0.005407086910948121 -0.03163701073598452 
0.0009354729267265585 0.005065967094778929 -0.006979974552131693 
0.005810529302975427 0.006489701543032147 -0.04547144006841716 
-0.002889983731131064 -0.0003703827925845109 0.022858272767678385 
-0.008900335738390311 0.021175813970703485 0.07228814317562032 
0.005838905603519414 -0.014005177086298485 -0.04743292914824259 
-0.008782389479535059 0.031164292897178772 0.07220039368448343 
0.003763056781438484 0.003090386762942211 -0.02954281623375849 
-0.005553044553101482 -0.0010817471683216122 0.04389034369327276 
0.006685029892721334 -0.03526683588273665 -0.05593623890274403 
-0.004641653728494933 -0.0009103534762913617 0.03668634074017313 
-0.0001802034741401765 -0.0011606004547030035 0.0013289236597799792 
0.003310912871273872 0.005004029159308928 -0.025799519561855947 
0.004332836877528577 0.00026615546955123076 -0.034294995150157666 
-0.0012880489303107624 0.0012413504242429702 0.010306980054504925 
0.0035560996343826042 0.004765817974440761 -0.0277616685915989 
-0.008572339855941724 -0.03955934656401408 0.06454359708005775 
0.0001855372112502643 -0.0009821659413031352 -0.0015527470257491822 
-0.008990086804331816 -0.02112071125659572 0.06941478842651946 
0.007488539020373281 0.02779756617699598 -0.05695621900509625 
-0.008772647711635485 -0.03565800112972693 0.06646070436569106 
-0.008704716281237283 -0.025069389649643177 0.06681994473529623 
0.002362894533865618 0.005367095785810958 -0.01826012393933582 
0.0074344902685031565 0.021694887752907004 -0.05704527629640253 
-0.009160753557643743 -0.03340668089937377 0.06972541254888266 
0.004689547208988093 -0.0001651599477383074 -0.0371568126459166 
0.005761624844195345 -0.014912894045638949 -0.04689775918764123 
-0.008180725246622656 0.04365555809978661 0.06849351896819258 
-0.0005620319539377308 -0.0006484159648791417 0.00439653833404901 
0.004088268386111402 0.0020969787119504693 -0.03220278485968422 
0.007524424297494736 0.04469939248634323 -0.05580817937833664 
0.0074453438641445486 0.033330773506868625 -0.05614521378551606 
-0.004611996268756891 -0.0021763862844564174 0.03634415971150391 
-0.004764771151939255 -0.002611602722945433 0.03751730870471432 
-0.008414630642614959 0.027149849241668203 0.06894743342601485 
0.0030769419360182283 -0.00039887557828799445 -0.0244042327294328 
0.0041450412027839055 0.00479111899467339 -0.03242414312453991 
-0.00042287636373627925 0.0010531326651646781 0.0034385679761069323 
-0.008154691741479278 0.0518200832292797 0.0689791877883872 
0.007663242841798482 0.060341527581145304 -0.05558215283617386 
-0.007729948770529397 0.0661447987342874 0.06682895679825825 
0.0073891950757428585 0.01883514373471186 -0.05692885802174068 
-0.00842781678142732 -0.012092957638733623 0.06572643083043977 
-0.008741176335723688 -0.01981302368103442 0.0675541460684081 
-0.002274234602633634 0.00010388704717437444 0.01802151887979057 
-0.001412631945416313 0.00034155100476255336 0.011217470984183235 
-0.0083176132847512 0.018803965573504538 0.06747179135748568 
-0.0024319573159176373 5.008298011821096e-06 0.01926235768485264 
0.001691550677258483 0.0015243251955283361 -0.01326848805759648 
0.0013217268018088121 0.0020479074747541516 -0.010294988103033146 
-0.008264471384123109 0.04597420942473364 0.06935329986488081 
0.005783479665299977 -0.005114044270759077 -0.046240500846611264 
0.0022558793859083367 0.0050232030556803505 -0.017441668906887815 
-0.008283345134806087 0.002068219149807025 0.06578218624149387 
-0.008373858286781404 0.03063692090314306 0.06891999740418468 
-0.008953003433718819 -0.05590711575115824 0.06617327033667908 
0.00456810221897796 0.005226789713771473 -0.03573801218984979 
0.007501562184340624 0.03894648716318531 -0.056114605684226146 
-0.008630824240655135 -0.060141420179650226 0.06326268540369744 
7.386879788855521e-05 -0.0004951389228707125 -0.0006270242768984526 
-0.009097759407251764 0.03887331041903167 0.0753514946153025 
-0.009244346815123653 0.030843982747821158 0.0758321105676211 
-0.009157299925711742 0.04972165933695948 0.07674236658411858 
-0.009163936909207932 0.023772447014372648 0.07459599363012712 
-0.009260829331116773 0.00957116286298726 0.07415999579097218 
-0.009249207227340059 0.040799983234672585 0.07671427966370277 
-0.00928273642552771 0.020830315126746754 0.075287609713681 
-0.009225920630756767 0.008273594061959611 0.07377355077674418 
-0.009165835088907576 0.04630311836007808 0.07652028032077365 
-0.00923444913412933 0.013149676237889475 0.07425429937147837 
-0.009296053164989083 -0.007227716635088644 0.0730154410357513 
-0.009126272783567379 0.04560549998775341 0.07614781705334743 
-0.009264606292048626 0.0043470996046349785 0.07374722271106761 
-0.00935200339532095 -0.01603827014803037 0.0727119783639593 
-0.009231137116964475 0.03608136906166251 0.07617130214191818 
-0.009262809066488954 0.029385139392969762 0.07585471530554785 
-0.009275901259281532 0.015808941616470777 0.07480796091843991 
-0.009263576204044255 0.009226260361344234 0.07415252487398934 
-0.009324017819884584 -0.010951489423922772 0.07292137759905219 
-0.009085305224164534 0.055974776295123346 0.07670203400321968 
-0.009247247132007053 0.020995806659819562 0.0750205461546138 
-0.009243070889453133 0.014410667660057783 0.07442944322255335 
-0.009153475496821804 0.051639936236602256 0.07687463087126022 
-0.009254482725335376 0.009284184325845664 0.07408540989951805 
-0.009464251047546442 -0.046766058229132663 0.07099714078393934 
-0.009587030081038134 -0.05870176793173802 0.07095815887511536 
-0.009462149131366388 -0.04530186869847943 0.07110456852902389 
-0.009577805445463237 -0.05382013470034197 0.0712987669379349 
0.004867702984426816 0.00042634671170691847 -0.03851774292529665 
0.0059878244188538935 -0.005715176759785769 -0.04790992120484917 
0.006323725963504426 -0.009603741761741327 -0.05089989384254068 
0.006333146441530981 -0.016686240491422543 -0.05157467925010831 
-0.009430856872530997 -0.033727099109221594 0.07183757084773833 
-0.009558462545891698 -0.04883537048933952 0.07156797422570899 
0.006301947572498516 -0.018602885362238596 -0.05148999031529182 
-0.009540638304231557 -0.04385125903489547 0.07184915448859158 
-0.009484866885681554 -0.04952252477723858 0.07092684188184976 
0.005817984013703209 -0.0029957409205025815 -0.0463342817382888 
0.006228645938302207 -0.014146187057609184 -0.05053175503438332 
0.00613911446198825 -0.040419586361273276 -0.05204904692190066 
-0.009438568498677906 -0.044330140598837796 0.07100014624179503 
0.004839920976570018 0.001681642682259268 -0.03819132595785236 
0.006301636191005331 -0.014933408474386794 -0.0511765720472976 
0.006193075642588563 -0.010686834532256745 -0.04995688008277195 
0.006160209621501152 -0.03814050759283991 -0.052022998320801914 
0.006159357093016405 -0.05151333094429002 -0.05314946105404093 
0.005228747196689602 0.0008802671256612235 -0.04133887122181225 
0.006235803724460589 -0.01816966478158293 -0.050929397251478964 
0.006164219255735414 -0.025675969241478004 -0.0509985091510339 
0.006095662450191731 -0.04705306288883523 -0.05226701392762473 
0.006066275510563481 -0.03539777914100184 -0.05104658883270139 
0.006149223211194994 -0.048145516117565554 -0.05278380811389333 
0.0038821640751848683 0.0020401452673245277 -0.030575184337164395 
0.00606727878684699 -0.02413190886020607 -0.050099863591792436 
0.006165078001541663 -0.043262077898092624 -0.05249556018835543 
0.006080065343989822 -0.006586776406398519 -0.048714360347882436 
0.00609191074279853 -0.027639655012426004 -0.05059220403650878 
0.006081341928096043 -0.041314584944583635 -0.051667311018312755 
0.0060556212738821676 -0.05389640361000252 -0.052529779839508225 
0.005826511014632124 -0.0032833172588226478 -0.04642618776241747 
0.006117260851781602 -0.028940302394233043 -0.050903202618924295 
0.006117149421742895 -0.0485997362204769 -0.0525682634167816 
0.006206442401453951 -0.010063238336324755 -0.05000990574738937 
0.006116769731053829 -0.04372119629991181 -0.05215184793443749 
0.006259416678116356 -0.004869034439795545 -0.049989322512437775 
0.007647832358534316 0.06461991538046001 -0.055097545319005715 
-0.008808259111297663 -0.03919743927509955 0.06644282630675062 
-0.0017004468135721274 -0.001476720123376079 0.013342982559184124 
0.0003851122838131785 0.004489530066780963 -0.0026697774852379873 
-0.008924411970499542 -0.03870063813066414 0.0674048956605145 
0.002180523116954873 9.701729179827365e-05 -0.01726226721521084 
0.007776381411954007 0.04474837553867453 -0.057799615022546894 
0.002663242820424571 0.0027006355856434724 -0.02086494127580805 
-0.005308506384714728 -0.0019750051188352756 0.04187782299458346 
0.0040414340787702915 0.0005326518469664247 -0.03196440242816244 
-0.00620460644787678 -0.0016381773611826266 0.04900378465168982 
-0.00782943620315632 0.06642410689595009 0.06764059988876987 
-0.008191645934849995 0.044890822500058054 0.06868469104204682 
-0.008584792208351807 -0.001970919130026699 0.06782747292871422 
-0.008878500458806778 -0.05652710334392719 0.06553064346601256 
-0.008702390100859431 -0.0269938787762346 0.0666384390951925 
0.007646092602655373 0.06703044433579408 -0.05487949727363762 
-0.001927611109152959 -0.0009711807298606121 0.015185040917687043 
-0.0030378584997384412 -0.0019426324129015384 0.02389625881657066 
0.005015796117366063 -0.0005089233281467935 -0.03976994608526047 
0.0063147788377678335 0.0011427143719346016 -0.04991837324868202 
0.006892406254112118 -0.0062834032950246105 -0.05512267016337456 
0.002374012353956307 0.0022987714011086314 -0.01860819114208919 
-0.008412904396241748 0.008616112837618642 0.06736320937065267 
-0.0046166217291386345 -0.0004802675809458948 0.03652452429142324 
-0.00853738259200603 -0.0030306305980668477 0.06736217245253327 
0.0034737097709361562 0.0013869073078785165 -0.02739544210408855 
0.007060490474446935 0.0138517143037953 -0.054747701770372276 
-0.008549482272112949 -0.04635520909509909 0.06378667479552982 
-0.004280566218101982 -0.00013377033941320602 0.03389221199504896 
0.003957695993042553 0.0030085801734492617 -0.031091357627641984 
-0.005989819022834582 -0.0017348094333448764 0.04729440620630554 
0.0075737738971430575 0.06437198983033858 -0.054531986236872124 
0.0060054797596063815 0.0070573349779079406 -0.046967412984541566 
-0.008153298371278001 0.06341420114382472 0.06995063910568054 
0.0018709558361582126 0.004698057124748971 -0.014420495725628672 
0.004097560686002331 -0.0001442069205011096 -0.03246630145688303 
0.0032182379082361617 -0.00012810694297909009 -0.025500400155289704 
-0.0016678157674007287 0.0010970942680984645 0.013302638935289749 
-0.0033927584801680508 -0.002043775700622146 0.02669861708305005 
-0.008860808415641136 -0.04579754711453944 0.06629974063543215 
-0.0027719564937685355 0.00011655107401751152 0.021964719550067617 
0.002978141337095451 0.0021826563673396078 -0.02340293880897125 
-0.008969104459424667 0.004758323151876749 0.07144159432739082 
0.0047778422537052756 0.0004148038350890085 -0.03780699336513384 
-0.008086231343894959 0.06613431936604351 0.06964994854750801 
0.0073852245480824285 0.01839311237293964 -0.05693486788907548 
0.007541961368830892 0.034775522536292215 -0.05678802920153565 
-0.00892020607620859 -0.052986247716488244 0.06616101884774582 
-0.008467453751136425 0.014729621809688816 0.06831331857290483 
-0.00872434779643264 -0.014926213876971534 0.06783496727802232 
-0.008737255156430307 -0.033887910540027676 0.06633038097112554 
0.005620195633627655 -0.0033452264572625175 -0.0447973456128645 
0.0028527520281101063 0.0056027411362703965 -0.02211999412411969 
-0.008392347322940584 0.027145640901183005 0.06877058530147491 
-0.0029876199796862644 -0.0019114858322436894 0.02350099193015226 
0.005709631636920287 0.0053661976459815405 -0.04476750195068069 
0.0008396025243446732 -0.0004195508324219 -0.006685491802312864 
-0.0047413934168395976 -0.0023640967641003394 0.037353122743252566 
0.0028874714266523783 -0.0005479683765389616 -0.02291619567278214 
-0.008269993765627866 0.03179828242073279 0.06819576884030562 
-0.008328115033722003 0.024222510323637345 0.06801413709153657 
0.0032570699707536533 0.0022593020047816563 -0.02560565397356741 
-0.008269250152013565 0.03385767912326279 0.06836439275077047 
-0.004150625223948146 -0.0016239398440586173 0.03273675771577085 
-0.008806204612134065 0.035665289205265384 0.07277043277574116 
-0.0062735023022695065 -0.0035691423120730367 0.04938583311114806 
-0.008128615522342668 0.05291294478535986 0.06886526447060962 
0.006830496110688722 -0.039434061266877984 -0.057441512377254964 
0.006664900915078583 0.010017347274589073 -0.05193942206742978 
0.007587008536836557 0.040974698338434354 -0.05661949908668192 
-0.008759260835798047 -0.017936086591762976 0.06785643342057084 
-0.007153727282137425 -0.017635939918980645 0.05516549331485879 
-0.008666394516815463 -0.05613022449774717 0.06388432347203585 
-0.008382314045741142 0.023275425409964856 0.06836315567689709 
-0.00908361434364795 -0.06010552089575624 0.06685197991158895 
-0.0007543090563661577 0.0012910544783976377 0.006083789728519038 
-0.00848570446421603 0.010651431606111714 0.06811228401169836 
-0.0017759506628645533 0.0013491978914883808 0.014180467570872253 
0.005131800080918619 -0.0009945323577269293 -0.0407298877130966 
-0.0030111220525774734 -0.002046960290169047 0.023675656255565947 
-0.0009933372660688234 0.0004807826164678507 0.007908312299898282 
-0.0005095163429878518 0.004142493552544563 0.004386579132246871 
0.005645899434376438 0.005919809151897758 -0.044215807998568925 
0.005260013591222224 0.004511026641999246 -0.041278840650322834 
0.0027085778261095998 -5.701510063849158e-05 -0.021457693749594567 
-0.002808769100519686 -0.0010542832567039355 0.022157071303292395 
-0.006703403353722323 -0.00784185766665289 0.05242872585778686 
0.007495902043978127 0.03830563102159914 -0.05612408168295311 
0.007564750887012423 0.06437980814697751 -0.054459858386895516 
0.007222876348793069 0.07146069024186605 -0.051152060170572604 
0.006273826949447321 0.07084334758805767 -0.04368757821405105 
0.004625290717305771 0.07010058689391245 -0.030693549373108395 
0.002858942885637835 0.06973491830175386 -0.01673445755016582 
0.0015284679284310835 0.06940545360590285 -0.0062245599678963405 
0.00043643667409776687 0.06925729576358348 0.002412145948036822 
-0.009053474572951031 0.06071773170453837 0.07685184311518369 
-0.008924513472693161 0.06523116224624946 0.07621289589609345 
-0.009047703772670548 0.06009886859002517 0.0767536938514211 
-0.009058151419401207 0.05988881158932094 0.07681864252329831 
-0.004509474864920546 0.06847820659481667 0.0415194359119121 
-0.008990380790232306 0.0643831950608266 0.07666273070097021 
-0.005838585778320806 0.06814934800505823 0.052018581162471204 
-0.009304386757239281 0.0545036188705012 0.07831256853574922 
-0.009045186671229945 0.059064934169161074 0.07664614179015214 
-0.006887822671987142 0.06780778386812218 0.06029995183479952 
-0.009037838109234059 0.05885996651398019 0.0765705696773704 
-0.007473700192239688 0.06761793263437138 0.06492421404929374 
-0.008969221494490599 0.06356179011535354 0.07642553586772184 
-0.009006942788379319 0.05814899595991304 0.07626562042390816 
-0.009012552103564808 0.06230625206327259 0.07666233462144124 
-0.008977695159177727 0.057330508008707 0.07596461041127596 
-0.008987447737513848 0.062107311903552315 0.07644664124177697 
-0.008919574591159496 0.06182178343933012 0.07588486699618442 
-0.008973600296021636 0.05671046904717523 0.07587963550098788 
-0.008966294803805022 0.05650596310193719 0.07580444364095038 
-0.008994343640485418 0.05628992525623811 0.07600829293631195 
-0.008933253021474286 0.06108936070216582 0.07593113922784649 
-0.008943703333312552 0.06087882726146716 0.07599606863469147 
-0.008893428711800325 0.06058779439224455 0.0755732142776155 
-0.008914912859545683 0.05518037497570629 0.07528515054202782 
-0.008892173136980878 0.05477334192955999 0.07507055212479254 
-0.008762690572907248 0.04971915155765877 0.07361671310728389 
-0.0088181044008814 0.0591621279280502 0.07485580879698228 
-0.008874940212416112 0.05374365305104533 0.07484680548182591 
-0.008340210903915445 0.06756677750432562 0.07178294019990972 
-0.008825666614157466 0.05833147251018739 0.07484531424688355 
-0.008787581465910702 0.05772235934302406 0.0744920505129067 
-0.008794236790814852 0.05201234569669899 0.07406089555106622 
-0.008823390199751539 0.05667608113893921 0.07468700615431198 
-0.008759182596358545 0.056181870872560984 0.07413658053488463 
-0.0087494164587856 0.06005962128886189 0.07438783053692287 
-0.008759818370629288 0.05984957901820925 0.07445241822108806 
-0.008787910277089092 0.059634002882453005 0.07465664776919387 
-0.008394414692921574 0.013545440288858032 0.06763447654508385 
-0.008719928356453162 0.05495192159115775 0.07372144745018275 
-0.005365910227444613 -0.0004834958582212407 0.04245887176964772 
-0.008724229673685262 0.05841094793464999 0.07404863376255139 
-0.005469078471059164 6.368278269820993e-05 0.043322367525891775 
-0.0011329565482160013 0.0013469031199070827 0.009087539922837997 
-0.003324141847745898 -0.001521304992591242 0.026199424144316474 
-0.006405108180529302 -0.009172430575424651 0.04995337316982201 
-0.008709072680630588 -0.02214860546730323 0.06710195659599875 
-0.008138861092237592 0.06408301908491323 0.06989296665277696 
-0.001468730578592272 -0.0021098386388968974 0.011454060210734012 
-0.00854927069545729 0.0010384013680511308 0.06780114067288812 
0.0004456599090993922 0.0008218763080143294 -0.0034601329029637007 
-0.008915822817403466 0.007400361291012178 0.07124347221575741 
-0.0024523774062233535 0.0003739585254632699 0.019455356677904358 
-0.0038163454853708157 -0.00013573551545343574 0.030215258573563625 
0.003408717608649653 0.0002064810351659794 -0.026980711460739708 
0.002325099824741207 -0.00019223932810823782 -0.018431875812116475 
-0.00922095572664336 -0.061294403214234815 0.0678390245481846 
0.004084834182910456 0.0019715264290778175 -0.032186215641594525 
-0.00816907721954401 0.04208732505691257 0.06826837030944456 
-0.008742930350915262 -0.029141545703318922 0.0667775381173764 
0.00590110812228447 -0.013621139960457065 -0.04789305099667102 
0.0010471458856576318 0.004426460266247454 -0.007918654465351265 
-0.0012448124074233547 -0.0011301763425862622 0.009763568480485974 
-0.003474896321203164 -0.001409384219481641 0.02740293529096482 
-0.007055009442504088 -0.018673075764808852 0.05429572723266935 
-0.00853819860426568 0.008035657641685423 0.06830639446860964 
0.00452811495477289 0.0029377796829204183 -0.03561527044038268 
0.0026170981600423843 -0.0004208177060161827 -0.02076397221016189 
-0.0027098425835461026 0.0003836981269850919 0.021495394229334025 
-0.00840032998793533 0.02053711638077271 0.06827380338107657 
-0.002296351856310352 -0.00122715641304818 0.018083902267628536 
0.0032929589694603457 0.00023329071435848896 -0.026061591611271286 
-0.0007371889041416372 0.0014522602437926566 0.005961852871220496 
-0.00873768955394128 -0.021924567760594153 0.06734759700375849 
-0.008123554872078269 0.05752744261520751 0.06921621562663258 
-0.008235243335118636 0.038392824474654905 0.06847935603125083 
0.0017495614938208694 -0.0004163234761928881 -0.013892404413754902 
-0.0012136826693041366 -0.0014916673840053905 0.009486377508310483 
0.0002102431372882654 0.0016690808944935288 -0.0015237593521588249 
-0.008816554755742442 -0.04245459736552959 0.06623251858294793 
-0.008153901998085198 0.06205438283843259 0.06984018882982211 
-0.004718555097729497 -0.0018930328410127805 0.037212153476137884 
0.007880521202394927 0.07096003749803087 -0.05640325760840051 
-0.001450446478408007 0.001676567790440493 0.011630104534001725 
0.006997549434130578 0.011730215397221333 -0.05442896334988162 
0.006833411840198312 0.010797658289668824 -0.05320796252596631 
-0.009198068981997373 -0.05020540957616245 0.06859743668588003 
-0.004798438295089873 -0.0027457683253955664 0.0377725947740107 
-0.0031178195659760754 -0.0017944700014043086 0.024542133099919757 
0.00014475574290235963 0.0016000975598674057 -0.0010109224605396932 
-0.0024540584243068478 0.0005517920222852595 0.01948374055287323 
0.006659972362586866 0.009802577903795373 -0.05191858583551439 
-0.00874868206598829 -0.03417901605249547 0.06639621767634102 
0.007571658008869157 0.04528010723983799 -0.05613307666372801 
0.007885757768929311 0.0491321980297831 -0.05829442738558883 
-0.005881880997517087 -0.0037959512620565016 0.046264838681580496 
-0.008430653037373859 0.0008422142240459963 0.06684502334476045 
-0.008273224354769066 0.03014760381787551 0.06808147745903581 
0.005184080618998185 -0.0031018773764048295 -0.04132254417820213 
0.007656182854256559 0.018418351802348 -0.05907881150518019 
-0.00390655152845593 -0.0016879840002819737 0.030798183502089297 
0.0036585559915042697 0.0022507866447467814 -0.028786282094541274 
-0.008986999331098493 -0.003003906906846208 0.07092555529245852 
0.004650601512855328 -0.00034088766982679847 -0.036863240612817004 
-0.008450824222639416 -0.020896936104155234 0.06516260717818617 
-0.008473276286451234 0.022584103704115475 0.06902502501308222 
-0.008774575533896338 0.037717085440389056 0.07269378918377524 
0.00429552064726111 9.2754483038005e-05 -0.03401413187580412 
0.0007735155396716483 0.004352443627375774 -0.005757680768549786 
-0.008937442029152138 -0.04493602792794115 0.0669797103155128 
0.006893618076468119 0.011428750141346209 -0.05363133768021752 
-0.009166087102820509 -0.03042855758414264 0.0700200226649112 
-0.00831156545482614 0.031010462193142827 0.068458270825719 
-0.00881885455958076 -0.04776716582904322 0.06580054596959395 
0.0075501561826620735 0.04700817596735598 -0.05581633804765116 
-0.009128234802765797 -0.03659798982136772 0.0691974208988526 
-0.008755674279467785 -0.028570466249418898 0.0669268677461989 
0.0005036990611428035 -0.001314268618632999 -0.004100840067689601 
0.006542973694377634 -0.051739914770179495 -0.0562070364193787 
-0.008468103027427742 -0.01181808670687542 0.0660688042740537 
-0.0007258446048443771 0.00435414317324704 0.006117908136180241 
-0.008364689588871885 0.010216417300106998 0.06711694165398586 
-0.008461564856246197 0.01830566094942087 0.06856971060369706 
-0.0006747244274308888 0.00441251403995324 0.005717965212145762 
0.0067193125060190425 -0.002029056784373398 -0.05339119454880244 
-0.003351336759297295 -0.0022853595333570766 0.02635007104406986 
-0.005265164130905442 -0.0007402378354647685 0.04163917189253257 
-0.008824262126450808 0.010211032757341726 0.07075645696465915 
0.0074607447102804396 0.00492013791189941 -0.05867471525971687 
0.0033573254874722596 0.0028819453099160537 -0.026346949050493708 
-0.00267928919087074 -0.0018268485754527727 0.021066078856914184 
-0.001355125812970329 -0.001326786656623925 0.01062062757447977 
-4.786908513558425e-05 0.004468449659395215 0.0007577966100594961 
-0.009954206510978872 -0.06344592419392758 0.07346430120463268 
-0.001863747692629254 0.0015537716155212555 0.014893185667055678 
-0.008151806442533101 0.04006796231778739 0.0679604587512432 
-0.008288141350099658 0.050813902551945386 0.06995089040595828 
-0.008275833015581683 0.012795009206214972 0.06663167748251554 
0.007637510956631146 0.058032744100132545 -0.05557399416685934 
-0.008630551414175007 -0.01215436776051482 0.0673269545215881 
-0.008503181988509785 0.011332828421037944 0.06830845364658888 
-0.006890427916828698 -0.01620173765848943 0.0532016068495051 
-0.0020580830085151305 0.0006751383099749499 0.01635793228265933 
-0.009275204315792186 -0.05860587650431216 0.06849651807392834 
-0.000723649307678932 0.0012310549293697815 0.005835869667449989 
0.005040519935658336 0.00503872394622698 -0.039495658718214234 
0.007970326598177454 0.03947250488869449 -0.05978280526325702 
0.003990498735915081 0.004941198029347297 -0.031187396238395042 
0.006500019899707962 -0.009391078246613574 -0.052278180943419815 
0.007458479287372548 0.02450150097869615 -0.056997444701850496 
0.002731543831582405 0.0018937344902783789 -0.021474285551622296 
0.00025503535197478176 0.00033166234789242774 -0.0019918620518264026 
-0.00822656949908536 0.03627145995247614 0.06823089153801866 
-0.001935397102135232 -0.0012503053345207411 0.015223055582933317 
-0.0005241290969244899 0.0008250624784434284 0.0042211975334086015 
0.007063586997532949 0.013788034797001254 -0.05477762350265426 
-0.00881005889028014 -0.025022308970663775 0.06765828383294754 
-0.00840576604421717 0.0328736086133911 0.06936225500139416 
-0.0036548053737856215 5.51649434593845e-06 0.02894777538546193 
0.007491212501280339 0.039493842055018345 -0.055986249721085964 
-0.008278642937254355 0.04090218447501899 0.06903573925748294 
0.0037298830358435146 0.00523878319799336 -0.029098013393424892 
-0.0004945605361556466 0.0012850495017304386 0.004025983793549436 
-0.008005044838973945 0.06522218451523719 0.06892962923214918 
0.004880801446907128 0.005057621789354504 -0.038229032283178054 
0.0075145532668054295 0.024261996076992698 -0.05746186546843562 
0.007031104108350993 0.012441046726578824 -0.054634491886886384 
-0.004772605296305121 -0.0008198046702707828 0.037731195040997034 
-0.008977425537636592 -0.0016490591561144066 0.0709645375765102 
-0.008948564098383592 -0.022801500527566437 0.06894348406718313 
0.006005393795736395 0.0014628702206557888 -0.04744080790130243 
-0.0013451183054518504 0.0011679746356382424 0.010752771138886999 
-0.008999073211560817 -0.0063784860672229885 0.07073522221044144 
0.0026782080009447105 0.0012305684289724524 -0.021108044331871738 
0.007693521812671379 0.06870701604151785 -0.0551130798931184 
0.007342115904678837 0.019980502694485328 -0.05645891700389578 
0.002441094901300583 0.0015348041332396366 -0.01920424654902049 
-0.008618286338565205 0.04817989706590235 0.0723425455524598 
-0.003152633747152278 -0.002090747023583383 0.024792766756537264 
-0.006994958230972628 -0.008079928166747916 0.05471776602078459 
0.007487690624455607 0.02876192350304296 -0.05686777963541672 
-0.004406625652634215 -0.0019880710717105894 0.034733512087324336 
0.003920888123431017 2.4228362475006603e-05 -0.031052721136609045 
0.004449222477678938 0.0021794829585872187 -0.03505467323103923 
-0.0004944634692999386 -0.000863761228191646 0.003843124448335529 
0.007482756157199789 0.03962752923315092 -0.05590794391379311 
-0.00846027741567378 0.01434463579000441 0.06822385577001613 
-0.008999757690621536 -0.012458991051519217 0.07022538061707628 
-0.0016773175941769132 0.0005029834084797922 0.013327551608383071 
-0.0025660306595921226 0.0002732318729544908 0.02034699370415206 
-0.008765365230774676 -0.02554047637839316 0.06726038518800408 
0.003994215331019071 0.00028462564699027526 -0.03161143158201292 
0.001473266306641128 -0.0006406760149615851 -0.011723063750385666 
0.005876921525247364 -0.016311904054449527 -0.04792950063184436 
