-0.5145463684758478 -0.6683112322604774 -0.34254618647302837 
-0.5184769978479666 -0.664280632940205 -0.3444678315976647 
0.5535782508290326 0.7493619939743884 0.3708401173273175 
0.3352625523947653 0.4475651817940566 0.22411420526716566 
0.6453667087541519 0.9828811304529124 0.440642184470164 
0.4642157400079248 0.6941609016678555 0.31598010111437463 
0.4494241482174678 0.6005763259021731 0.3004745602961757 
0.0068121430953546995 -0.06923196092744693 -0.001405444735411925 
0.14322232140562927 0.23889265625564043 0.0993691016394741 
0.39978860497545327 0.5315422403533773 0.267083592764829 
0.2584715060767014 0.386565654506558 0.17593988222576165 
0.43973445953538876 0.721880649859841 0.3042104660786313 
0.6954860291728252 1.0150328556070585 0.4715013307116786 
0.2484689680345394 0.367618236201884 0.1688278208823091 
-0.042541224017472436 -0.10548303008872237 -0.03214225247262306 
0.51953326546484 0.7066611010441547 0.34829102091535186 
0.13658373830759585 0.19441273387475042 0.09222152934150482 
0.48536400458231066 0.6807662078029065 0.32695010325531293 
-0.08074592659607452 -0.1826247781333156 -0.05966984452884752 
0.25017490450193425 0.2956357143015885 0.16431836511964754 
0.47961422249556107 0.6403013808157949 0.32061187414668324 
0.1115448117226743 0.22345926902886373 0.08023670532391648 
0.5182365398842977 0.790920393858022 0.3539665004418872 
0.6308940934312317 1.010580509868712 0.43454498012410225 
0.10745799906587393 0.20163577594389223 0.07625949189584606 
0.1662411588397876 0.28075699622166994 0.11560375326619349 
0.749797647497968 1.1086041046106023 0.5094100295870304 
0.3449263677718542 0.5555699527290542 0.2378098897312837 
0.5214056861419031 0.8365622652743602 0.3592356286062888 
0.574906239362864 0.8723852940439903 0.3922909382695392 
0.3070996768257144 0.501981990573138 0.21228861042476352 
0.5880546542574342 0.8264211283492559 0.3962478258236543 
0.5533026973906667 0.8934718555377673 0.38164804772019045 
0.4660499958995852 0.687417454881563 0.3165068994184234 
0.515837161868249 0.7202410620019728 0.34722886305851103 
0.20178113377677087 0.3088400881247488 0.13788822023332895 
0.3871344196467114 0.52787088388057 0.2596305254306429 
0.08824703267819796 0.19469285047254975 0.06484043376858512 
0.3248722188449918 0.4551810726062237 0.2188032854607281 
-0.08756541292915805 -0.11377240820715151 -0.05829744270691782 
0.6499257742616532 0.9129400996942793 0.4379055073798437 
0.4007115704220851 0.603663924642249 0.27309397864325363 
0.33358131301295196 0.4506759470602709 0.2233977719675896 
-0.05280973254298518 -0.14981710678236332 -0.04133655798924827 
0.7556361660120191 1.1141188801684638 0.5131394997393511 
0.39872561639945453 0.6101613968642632 0.27246246743884706 
0.1856688115861747 0.1906287442802175 0.11976029852076962 
-0.08135499121912103 -0.2630869102149387 -0.06613683451350719 
-0.05898074084943983 -0.22676837239199465 -0.050689538514635694 
-0.03528584192393473 -0.20408156283407514 -0.03553068483884716 
-0.034116651244568 -0.19513110657097604 -0.034186895499758056 
-0.03636568054818328 -0.19417491234223871 -0.035389136500065914 
-0.036611040319859484 -0.1906851154234137 -0.0352627224515309 
-0.03704692566306419 -0.18695343851588103 -0.03522591597130988 
-0.0077281604172116485 -0.16606125980703226 -0.017015393025474203 
-0.011042839037697922 -0.15819190383123044 -0.018295791805520895 
0.014894562155206098 -0.12971823561941334 -0.0014253734762903817 
0.01205724673801962 -0.12899082950684257 -0.002978524498728746 
0.012044790526904655 -0.12533087909582274 -0.0027071302459048506 
0.03773706380187096 -0.09325994943427136 0.014298009670630576 
0.056733122393510325 -0.057314684238095416 0.02780178649298959 
0.05433748142390716 -0.049033118173662016 0.02707375811365179 
0.05457073437155954 -0.04503950719540244 0.027509832070747378 
0.05116983307716449 -0.03361670940230321 0.026450905463928708 
0.0791250442397381 -0.017737906882890012 0.0435069934328098 
0.07757282358993389 -0.004586213017158928 0.04362763405929933 
0.10569732115156692 0.011842134523781868 0.060821502036539264 
0.1004257737974295 0.01313613723460712 0.057931476075816106 
0.10075933719504601 0.020965588756616322 0.0587162545183305 
0.1244718111944072 0.04691072747818183 0.07413297130304719 
0.12190290172245377 0.055180335713077504 0.0733058060569305 
0.14492064910688632 0.08391057066434528 0.08854057284325852 
0.14031998445773852 0.10012373793317084 0.0871659523528067 
0.16811666628375582 0.11661672539107505 0.10417889728255178 
0.16016038809433364 0.1369135259625441 0.10121264697859007 
0.18948000988541064 0.1509467343450593 0.11890181241888888 
0.18861247232025452 0.16104333270654625 0.1191781672563433 
0.18693005767197943 0.1623544261776263 0.11832414534761355 
0.20927269003222623 0.19069473473921936 0.13314651851506595 
0.2021612892196406 0.2043936758495541 0.13015725765390404 
0.23344109454850417 0.2205471263962965 0.14911897640740537 
0.22871102225789897 0.22951645988054387 0.147119869637249 
0.2244510547630629 0.239278253838752 0.14544756032638131 
0.24923442059144119 0.26259764776998445 0.16127160148001454 
0.24851067058585402 0.2654751046803863 0.1610802248945374 
0.24769879256152808 0.268609912725484 0.16085846768351483 
0.26840856186964257 0.3016626499148586 0.17511368991841902 
0.2660222838443178 0.30583334949227436 0.17407820716723232 
0.29182814176100336 0.3198612031257463 0.1897749885563278 
0.29208875466818757 0.32365428218786324 0.1902113162233968 
0.291037029937339 0.3294302750825014 0.19005453448689952 
0.3153809995886525 0.3493736070009708 0.20537262194578823 
0.31147771077316677 0.35908718812539064 0.20389884808435804 
0.3106784315284864 0.3613000214620416 0.2036140876744739 
0.3100157764066432 0.3706828848664536 0.2039522894940811 
0.33280962351056403 0.3855334753183738 0.2180041367877248 
0.3312826506569013 0.39410306480186913 0.21779047562656992 
0.3304351140406687 0.40057328393504366 0.21780226753177764 
0.35578424761408367 0.41737547375623185 0.2334512053861267 
0.35357024054116154 0.42188070020668966 0.2325388356304063 
0.3517551937339317 0.4267498369356461 0.2318803261280777 
0.37637081029447716 0.4470415812805769 0.24737891992708788 
0.3748416170730906 0.4484912711491354 0.24662230495697102 
0.3727682788132514 0.456795134039476 0.2460786885606667 
0.40951577546231377 0.5238386252900696 0.27201188669549553 
0.4355926007429613 0.5420496273753986 0.2881805429607929 
0.43156344577595845 0.5513160849462485 0.2866013967386125 
0.4321547729137755 0.554842904051131 0.2872049510059664 
0.45353969357924945 0.5747577892156842 0.30084336917664994 
0.4509320967372577 0.5753125176157856 0.2994073095395657 
0.4724926858839537 0.6053138396684408 0.3139127100509585 
0.4712318022051097 0.6143058212907088 0.31388203302514267 
0.49158031379750966 0.6360274851049308 0.3270703668845661 
0.3985054029313768 0.5840793501671944 0.27035325680662314 
0.4376878571284793 0.6149487732948898 0.2949146592619049 
0.5727969042886496 0.8533268953263753 0.38964514380886717 
0.737544857293655 1.0722640583873673 0.49969902183515674 
0.29629981088659074 0.38029919307743426 0.19690824172992136 
0.7173214333961775 1.0691761885248723 0.48799929438190337 
0.48498540980588783 0.766616552207058 0.3332671275161436 
0.38536248943507134 0.5352114571616527 0.2591844904615102 
0.42278540341555726 0.6082774816772608 0.28595879269353713 
0.6545604441370337 0.9259480210307616 0.441522599869055 
0.7852339353415005 1.1342007719313374 0.5314465438766164 
0.3551688274231163 0.522085812348956 0.24106887477885885 
0.5879041700959332 0.8009569119305101 0.3942251508745819 
0.33470248960119997 0.5104831728274113 0.22858361842107455 
0.2209185291635643 0.33814372830431205 0.15096681479102686 
0.7029090999100008 0.9894932939225135 0.47376642316725137 
0.16517651980068634 0.22423852043412001 0.11070017248569271 
0.5931581740150423 0.8903479407780341 0.4040047154558557 
0.6474268224206083 0.9524373683635913 0.439493859473356 
0.362994954022604 0.5209952964403485 0.24542259074848 
0.3353964262288986 0.5646316532321328 0.2330967318709983 
0.6288252165528204 0.958908078658342 0.4294407860694436 
0.27413482010590345 0.4569327327486255 0.19017317836823183 
0.35870640280196436 0.4812014524506931 0.23996379298316436 
0.6479372140750186 1.0022606354118366 0.4435738498358481 
0.1687726723414344 0.24706305542706214 0.114475388465811 
0.35093815723527133 0.4393453302245872 0.23237543088927104 
0.1979733571053489 0.2962779913234406 0.13477381827977208 
0.5857916784180921 0.9165587879324495 0.40182276846637505 
0.3126511234524511 0.44239636959605366 0.21090237958028177 
0.23785067190969175 0.31007673526505786 0.15843037324963644 
0.19776802116813882 0.3611809431766935 0.13959534797515435 
-0.06503528246269409 -0.07287151691622236 -0.04241314333440062 
0.4525244224233955 0.6474060065924853 0.3057950151416095 
0.42029779612184326 0.6760331643528549 0.28970352823736506 
0.6300059630755432 0.9267271867468857 0.4276617778204585 
0.24002745600794712 0.3616383887092123 0.1635873124652002 
0.27778440384125763 0.4790263264679026 0.19392307349872873 
0.08989010140586572 0.10017795020133631 0.05858103303753327 
0.31560367012821977 0.5171094392586174 0.21826050623794516 
0.5180927573436158 0.8506656428240665 0.3584305176478604 
0.7067557211126191 1.0261903484916488 0.47873907835898016 
0.36971685672365556 0.4874385839995977 0.24668022668715667 
0.6090843083752987 0.9144951494814948 0.41487051348705223 
0.4025892436188057 0.5965728659479442 0.27361894355923566 
0.6907057727656758 1.0843255412939485 0.4740632858893699 
0.25911703886163523 0.4506105364179603 0.18117849164949112 
0.8622441241161836 1.2450373473016525 0.5835367946147689 
0.6488695154277532 1.0277564369518608 0.4460421453251662 
0.2440128638156934 0.34416051281137183 0.16451691830507156 
0.30715896463571657 0.5176119951273287 0.213511380602341 
0.4829730369953839 0.7728970387237055 0.33260413064926614 
0.2728247544405568 0.401139371592283 0.1851856316189181 
0.45655045901228297 0.7210796996924455 0.31368263285433706 
0.35271077655077054 0.501931769010534 0.23814203229980377 
0.11543816262901443 0.13059347834399165 0.07537847216606776 
0.5565794663093456 0.8547340974153885 0.3805584303814856 
0.3470966580111504 0.5754277150548797 0.24055105714444758 
0.25441857970772414 0.4004926028494336 0.17470183854993715 
0.6588206827558977 0.9631724896861652 0.44676986422320364 
0.25441186224217666 0.3130207577528883 0.16804301139986513 
0.508617718461702 0.7982987526722356 0.3490748842389943 
0.1959033955608006 0.30305281502642467 0.13411578405066502 
0.15324778561844118 0.16441410231192635 0.09938614005923435 
0.49934180689519797 0.8065492845012638 0.34444402249533257 
0.7147902488640812 1.0501770867149753 0.48511886201069365 
0.7508892142794471 1.0529253921418928 0.5057927072984365 
0.14115067968604755 0.14249256994683135 0.09086037785319934 
0.6903803546105739 0.9611066310082568 0.46450408263496373 
0.7221164768010967 1.0248597161225748 0.48734595833107613 
0.4371910630239457 0.7015531282905008 0.30122204203287556 
0.16534185317027583 0.3090103895595995 0.11724350092979145 
0.20008939987851407 0.28939119128035284 0.1354494569049156 
0.26542800425464863 0.4613361461682101 0.18557224500883227 
0.39287740421169465 0.5693731619421719 0.26604383216517546 
0.12270121824779437 0.11344402975837373 0.07819118620926742 
0.04320242501892947 0.06648448993586412 0.029550011105477808 
0.5866392285667922 0.9428572745521328 0.40430408767964215 
0.667807535500899 0.9302310156982665 0.44935832422897637 
0.6442928829260673 1.0151094791004955 0.4424854173843816 
0.07459841345856695 0.14929321505615853 0.053648850828480775 
0.20333149001526374 0.2181351291849167 0.13186612751020388 
-0.08580224339208384 -0.07581262730989727 -0.054409839899380405 
0.44352520261713363 0.6207736019433514 0.29866705382795344 
0.2557095139000746 0.36506445099951046 0.17273823892777326 
0.06441067057733703 0.1539389912784502 0.04822680926599173 
0.37050986879922737 0.5551570012208678 0.2522819324521453 
0.2679127542729526 0.3230460192403194 0.17645949931372 
-0.30128021685006506 -0.5773044735880358 -0.21472019210653734 
-0.30267416205653036 -0.5741496883324176 -0.2152704072612163 
-0.4854310478750181 -0.6491057649180629 -0.32457932578619647 
0.19926853378207726 0.27380546577724196 0.133798311645818 
0.31886209369071333 0.46366732731192867 0.2160417544886065 
-0.09067176692255352 -0.14072230331839905 -0.06210885354821666 
0.040087333589321816 0.0763363024271737 0.02853358860271156 
0.25988679553456606 0.4341537141014747 0.1803628066138778 
0.5790568055071562 0.885071638088184 0.39560912286692046 
0.19164903235340827 0.327662434375882 0.13357630173273924 
0.46447035261435826 0.6336405868805484 0.3115199457926441 
0.6982573336491988 1.0834125701652682 0.4782748566197938 
0.6530007844240802 0.9576383640957782 0.44304947779281434 
0.39219723060428113 0.5421148843278345 0.2635843771867468 
0.39610417872600223 0.5281788311348878 0.26473897208704816 
0.7102395841273922 1.094934418588543 0.4859442793915788 
0.2997866792291644 0.3193216842844351 0.19424569001950354 
0.37662105498849535 0.4440377871090032 0.2472922511578049 
0.5626395748452427 0.7757356937378193 0.37798360319635177 
0.4242472330541592 0.6884765496807805 0.29288920656944833 
0.2639376666931404 0.401517633850559 0.1801762599858782 
0.5359901922133425 0.8427940048041762 0.36797780656115475 
0.6725695271813896 0.968283575921162 0.4549530385388767 
0.40545455280801285 0.6694127831297428 0.28078510180369626 
0.6262214385833272 0.9394924151641225 0.4264875072049103 
0.8005991101031914 1.1331058614942815 0.5400738632098404 
0.25385317009890324 0.4363398295492115 0.1771086269817131 
0.2079665388258564 0.23220173608846145 0.13556398156689434 
0.48612620393345246 0.7932327297826864 0.335938859249256 
0.23614024017700705 0.3728366580279314 0.1622356082985851 
0.5554399683081211 0.828011072382 0.37787930427996896 
0.35696297752318085 0.5775607306342223 0.2463066245687271 
0.3044390832541433 0.4966183940196129 0.21037222952545795 
0.25221387092680536 0.31619259572420166 0.16703827443639946 
0.1195679805103001 0.15760324235442866 0.07977464658626779 
0.34326663546617253 0.44704641391896854 0.22861230561446963 
0.6871813903949859 1.0972768228447907 0.47305064687766696 
0.49636061450981633 0.7003025270890095 0.3346705153859446 
-0.06664221291691377 -0.17468550528221619 -0.05107031877510242 
0.32889921214766493 0.44134736764407545 0.22003372163281354 
0.16620263923849457 0.2623519255614174 0.11418162459040672 
0.3666812353524368 0.48001390063893035 0.24439442869824965 
0.7001222002323677 1.0771223617254002 0.4788534915407825 
0.37118843804360946 0.46744559924323864 0.24599337307296848 
0.5997402138982977 0.946819963496778 0.4120326140866062 
0.513777310615937 0.7266324667079196 0.34654738919986994 
-0.05615690796392803 -0.18540930810876313 -0.04594201470027901 
0.19786166126942964 0.30841656281615704 0.1356340220113598 
0.33715119120360465 0.4676738515389713 0.226714792065984 
0.399975022426733 0.5145164965017516 0.2658939241572235 
0.13488093167437853 0.16414773671810395 0.08895357998472771 
0.45300503950747295 0.674434899594263 0.30812388816542685 
0.5252364484082053 0.8487010652580672 0.3623308560490123 
0.1339399191374637 0.13478897865399 0.08618644522341619 
0.2542787235071246 0.4185729615365825 0.1759981400851897 
0.5383472976636624 0.802356582778415 0.366237512185678 
0.4844914476457934 0.7146254611020512 0.3290315191015103 
0.2977763922803852 0.4363932448419502 0.20201306447376702 
-0.06199418662990746 -0.15661507886918385 -0.04706048974112119 
-0.010904607294510772 -0.08219171165064708 -0.012435192784727184 
0.4982743597297684 0.6935908166602026 0.33524479129162843 
0.3146268421154638 0.43542639535919886 0.2114921394667051 
0.12644380198924957 0.13845164893087875 0.08221550809605503 
0.708636413187578 1.019645595529002 0.47930731864315856 
0.7908387360864283 1.1158030000728452 0.5332242072149475 
0.2500662095678191 0.3229354179875391 0.16633375692530034 
0.7831626145460494 1.1163779906700935 0.5289163080195908 
0.7629904399664849 1.0656202628741684 0.5136188236220585 
0.3947383734618572 0.5164979203607154 0.26307598259705933 
-0.04951695119672821 -0.12280071379317688 -0.0374144009320007 
0.20367361849766533 0.24592389833835537 0.13417430317952206 
0.45961402931160733 0.7414554314405342 0.3169696148794304 
0.40471101051447445 0.5283945725825264 0.26963465760503447 
0.25246467323755817 0.44451457921731613 0.1769434286630654 
0.6326618260397306 1.0038600460361045 0.4350358145116448 
0.29207344820575837 0.3939980209273728 0.19555452000167342 
0.24396547590982207 0.3163787611828542 0.1623763669805509 
0.9036457242991304 1.1752379071677925 0.6016971736258296 
0.9027462118427217 1.1756312153987276 0.6012171575071067 
0.2336171891501702 0.323849277200429 0.1570782234036223 
0.48662542183664836 0.6476675922561277 0.32514700568974436 
0.2893988769950203 0.4896236163390366 0.20131365868615544 
0.1784572058262172 0.23793771420804188 0.11927134364713357 
0.13284732820926257 0.2367657945504567 0.09332563184002236 
0.08439705704532792 0.1563350785646378 0.059739526495715935 
0.18329984317286263 0.19725568747288272 0.11892150424156765 
0.29111189070179005 0.40920680281130095 0.19616651862772375 
0.257746101709145 0.3581455631526667 0.17336639269389983 
0.33431692509030786 0.5360327713196796 0.23030889975518753 
0.16091547959209154 0.23810377830845392 0.10933945413355327 
0.49582108288531757 0.6739831654175479 0.3323622257577945 
0.5963221142341487 0.8514340307080395 0.4028377327951535 
0.12355247390559063 0.17093888322502152 0.08304808310972184 
0.5219419438402011 0.7029303166511432 0.34937267213433654 
0.5050416600460632 0.8119810618608523 0.34808856765393764 
0.29413028057983204 0.3870603104897681 0.19619271849211797 
-0.08502171214723475 -0.19831128361354028 -0.06328727466418287 
0.6453512729157365 1.0409438782451008 0.445050954508998 
0.7125237571739813 1.0075478436649825 0.4805906611743696 
0.5219826320185063 0.7519044253986767 0.35312177887337287 
0.25754788917318056 0.4442064810820338 0.17980169769574642 
-0.09262068810574398 -0.08098695790303169 -0.058668935203262794 
0.2891185832242157 0.3455742186437495 0.1901952149301593 
0.2662896766190938 0.380174086507558 0.17988577405247036 
0.5675318023577418 0.8143501471757945 0.3836948989556984 
0.27926548483717206 0.4710465513381746 0.19415559241505587 
0.13717222170131987 0.2606635261020913 0.097595626794101 
0.11252145704042069 0.1044721980594696 0.07173761683717676 
0.4297286525802553 0.6157739646066936 0.29046531411385756 
0.3648320073224306 0.5139423240052207 0.24592742564118744 
0.3008237053779365 0.4160875280462721 0.20219571069821377 
0.6461933744540367 0.9258296011451953 0.4367702415238465 
0.21172912177691391 0.337720077974816 0.1457250451115231 
0.7056240507162208 1.0580575543913457 0.48052204238881213 
0.30193832210113075 0.44922908077982515 0.20534906483508292 
0.7010442333268319 0.9957835023623813 0.4731877882462628 
0.7280042289066129 1.0302636598552464 0.49109490705218545 
0.7569966137726516 1.0832581895042206 0.5115628086858417 
0.09273059573709544 0.09019239198578038 0.05943160895568868 
0.5681855675609485 0.8406430722351811 0.3860659370308881 
0.43007965537133164 0.6683022565932871 0.29466074912116424 
0.7364028551349484 1.1036588519036081 0.5014401867149849 
0.46908028446292366 0.6465269985314333 0.3151137694455807 
0.1174229192371865 0.19267766526771632 0.08122712340533181 
0.5607441324758076 0.8670574638864741 0.3838569923755394 
0.3399680653858966 0.40753350065229776 0.22373610862106216 
0.6676055599587355 1.0129192020816 0.4555348923332247 
0.6348606299675853 1.022567203191823 0.43770560636977907 
0.4108658657202844 0.6844546254332401 0.28499722296643176 
0.3609350487330884 0.5639122782872305 0.24752001939260315 
0.34849872247843716 0.46182665091093084 0.23270291898122933 
0.11835811548769685 0.2217996432490078 0.08397294620978814 
0.5708570982172897 0.8598206482631207 0.3890395112220103 
0.415182482464133 0.6357930547503706 0.2837420805110337 
0.22279737538568195 0.3307426165194073 0.15146885529328122 
0.30068472739366103 0.4840737227942236 0.2072894379630477 
0.26170189410345207 0.3437883594170513 0.1745166358362782 
0.5418215906487047 0.8483824944474704 0.37170884859570946 
0.6566263574981613 1.0512665086148918 0.4522282414053546 
0.5450139122626195 0.7275601067327251 0.3643262078032323 
0.03436478215593319 0.09634338554857884 0.02681161096071738 
0.3687758605352017 0.4734559762772036 0.24508294701280278 
-0.017108502132740306 -0.0622706598850061 -0.014436592702427356 
-0.029010438088167112 -0.10770563610480538 -0.02464065780700435 
0.15724387691491445 0.25590590592355783 0.1086124162251467 
0.32495606483022765 0.5449781722511869 0.22568274693932286 
0.3525574651338188 0.44813648265087763 0.23396227461390892 
0.5460209050415183 0.7503494755244198 0.3666309359854521 
0.3948475651402942 0.5624771674176284 0.26663606984681637 
0.2851258947207693 0.42838710919847767 0.19423228978321855 
0.39422123146784266 0.6588503600963945 0.27361324690637945 
0.6133591015943094 0.9850046704726458 0.4226584169882963 
0.7744849419202127 1.1242710374316818 0.5245973938805841 
0.672469439253084 0.9431468414362102 0.45298384898563304 
0.4755726091242538 0.6534265103848137 0.31931924003810447 
0.6243827636184535 0.9460001400183967 0.42594026953973346 
0.7394097238768239 1.0659738499474993 0.5002776567561452 
0.3002210612041834 0.3662159735285081 0.19805974795515754 
0.46249577261254543 0.6403008594730737 0.3109072687498751 
0.29818460416200043 0.3731344202976968 0.1974316347636695 
0.22397412070788597 0.2953538583121185 0.14944351836439876 
0.3254387356115383 0.3856841014165097 0.2138369901886425 
0.5144332617252377 0.8042501335245285 0.3528245472998519 
0.5682460286328028 0.9252289712458313 0.3925356637071028 
0.44157185967972135 0.6013409787101549 0.29608122068125015 
0.2588624404725738 0.45640871539493877 0.18147529421868722 
0.10583063202359848 0.08755737719849305 0.06665763189911095 
0.3234566286084405 0.4893069762266173 0.22059713928094923 
0.43579877554674384 0.6218773830649541 0.2943708674416673 
0.2573602531785473 0.33863259754558156 0.17166307019775395 
0.4008534267511057 0.5422193528726281 0.26849958184816025 
0.19282234655497824 0.25332614744012266 0.12858582000684235 
0.15311099791982996 0.2676138301026263 0.10716021941883803 
0.6699369289146108 0.9243629337702928 0.4501190373723203 
0.6669418757074543 1.0695232338659584 0.4594651841366385 
0.21954192663983998 0.3118313470578705 0.1481845150573063 
0.4609414831537248 0.5818884030726124 0.30558200428325955 
0.47431095027779757 0.607691041602592 0.31512435840792913 
0.5224118315844786 0.6463034544137397 0.34533077878940166 
0.5163459206339679 0.6482971570317979 0.3420436571569307 
0.5097232957838398 0.6540915520429936 0.3387300942989682 
0.5246234719304905 0.6804355191544786 0.3491814030600582 
0.5529881464215134 0.6949827721244417 0.36636831183575724 
0.5393643384857084 0.7063916834641429 0.3595128933786999 
0.5673070774605232 0.7210116314500387 0.37646613480954366 
0.5878117195032547 0.7775423596914031 0.3923913177739421 
0.5842779947436427 0.7803066706348686 0.39059833902472474 
0.605060483239451 0.8002741051551884 0.4038992323504983 
0.6650725276537858 0.8636395237017533 0.44274142639083786 
0.6607639436323285 0.8659876860119897 0.4404775132990889 
0.6758095646536225 0.8915675384809225 0.4509531405009735 
0.6884430743450063 0.9163707841690267 0.46000223970189585 
0.7090796542979966 0.9361257289436663 0.47320424987086424 
0.7237495517985865 0.9616658590107727 0.48346385469856845 
0.7405587650522333 0.983963433769017 0.4946895526089659 
0.20791370732341324 0.2876476118137119 0.13975245530591546 
0.41634972431201217 0.5490454528941124 0.27780388064344097 
0.17485503438639505 0.32720261378929544 0.12402068600320652 
0.18369085045929523 0.2533718969133477 0.12341259343323732 
0.789033210669238 1.1221436778295746 0.5326830530032963 
0.17273333194831897 0.1592180762822938 0.1100373056514802 
0.5690820527247208 0.86661500544393 0.38855015305266044 
0.5699881084640973 0.833755737300523 0.38656380861696077 
0.720908081206445 1.0810902020693234 0.490939029512234 
0.2220158195216736 0.3027228822932673 0.1488939930031274 
-0.11284352499909679 -0.14470901903893188 -0.07498149075353498 
0.1807452876980464 0.23127797650708687 0.12006178772897348 
0.8895996227718516 1.1875821948163923 0.5946735192092076 
0.527766556696221 0.7577118284712192 0.35684256304827483 
-0.07073177538576057 -0.08926700202169578 -0.04688992262179594 
0.4394094165088692 0.6694624097567449 0.30003812078836656 
0.13938607233163278 0.171751640660246 0.0920860938888766 
0.5099684747224639 0.7400361860867374 0.34540791385305225 
-0.09147410886823744 -0.17830637152635473 -0.06542317174270267 
0.6118756570430138 0.9337756044492727 0.4179198405432993 
0.47754098199971595 0.7072027818894354 0.32452652173140306 
0.23187036182198564 0.3862304720382291 0.1608340112241895 
0.43535712429675455 0.5949182230484541 0.29206938982823083 
0.09496564241171217 0.19974636169039522 0.06903373978238328 
0.49267624287050865 0.7140443166306439 0.33362732067203915 
0.14205459428685238 0.16164727715739227 0.09283013857184891 
0.16385438326724508 0.167129606917509 0.1056056930341747 
0.7208472129800583 1.0562259651248345 0.4890128059893334 
0.4604720272026382 0.7078522218926281 0.31489942569113155 
0.36479429124342333 0.5500876739926227 0.24865604889448167 
0.39301616173878184 0.6309844335455976 0.27080999369509123 
0.3307758715440174 0.40743466465642647 0.21851747175347316 
0.35684889906852746 0.5411694957139266 0.24347324058305456 
0.5719728894613307 0.8275683181691088 0.3872182442350949 
0.33764428230737537 0.41524259769130123 0.22300526247205663 
0.38166726982352633 0.5189459773355688 0.2558521376742973 
0.24608161508567764 0.30949187150838187 0.163052053437715 
0.10184102216935191 0.18547532246012877 0.07184567242338855 
0.13059889245836045 0.216470763489501 0.09050689499434503 
0.7286722046828354 1.0803662966549832 0.49528548789060817 
0.13312573780422526 0.19110896111831008 0.0900098082118333 
0.4122933446709662 0.5364593108057845 0.2745467145649331 
0.16154015492869586 0.1514260797049622 0.1030989879866112 
0.67381434828841 1.0191056187381333 0.4595253706547502 
0.8727638971986106 1.2053879878760703 0.5864839293211201 
0.7321272414639849 1.0186796026598948 0.4925509345359197 
0.6345719779661194 0.8806567144148607 0.4267451564032634 
0.40060431642046745 0.5777575888151409 0.2710621739076657 
-0.04887367664437394 -0.08548367537930263 -0.03421057524349 
0.5992385657856746 0.9217366603593427 0.4098398424874639 
0.01809493217967305 0.07261075094052075 0.015782499768007652 
0.3340035479830826 0.5206689534855643 0.22896233660150064 
0.278927471597929 0.4474859040336079 0.19217143299751233 
0.6639395526673929 1.0257861616564863 0.45443554981909523 
0.5051936812082566 0.726741264583224 0.34168954881847713 
0.26747359693273176 0.45116907312731463 0.1859583757884006 
0.5233193415390398 0.8049428071593409 0.35791482630234706 
0.3214339002223454 0.5231159772324606 0.2220226918183382 
0.11748963414313561 0.16486991810477886 0.07914927995321226 
0.34155598280928934 0.42740114552135394 0.2261478768038415 
0.15664199300819442 0.29015111569588414 0.11087664273276357 
0.2339271941960592 0.3792927616006243 0.16147220971463405 
0.10401776895749017 0.1786404013309777 0.07255967161097869 
0.584538033410465 0.8401538172233499 0.3952990377799558 
0.26985072269931076 0.3802090133866887 0.18190721261000478 
0.5163468531174429 0.771977698215585 0.35145402900431366 
0.31119024624471553 0.5040144531748537 0.21476221556091593 
0.3785719976233947 0.5019951326163721 0.25280775533480837 
-0.07774067881095273 -0.1066209338928302 -0.0521836367480022 
0.29351373040674333 0.4497132551354305 0.20060994334915813 
0.21096784484210593 0.3096811697116446 0.14316022028830527 
0.3055950112239836 0.4347240861652756 0.20631850009534583 
0.26599449906721406 0.3945799234129542 0.18081445847632274 
0.6941343582340966 0.9727959119308078 0.46752159484319766 
0.37858574703656916 0.5901977079633954 0.25952616424626124 
0.21432448643032626 0.2392544127532422 0.13970492595219175 
0.348202709835259 0.4006921394186574 0.2278838812426264 
0.6837003548029117 1.0856127649647727 0.47018980111954706 
0.5904237530590082 0.9300920461348958 0.4054783582951902 
-0.030259614832739975 -0.15887407919424437 -0.029241813933750936 
-0.07496124605452523 -0.1538226450936571 -0.054199150470248626 
-0.10324880297168165 -0.17465783921596548 -0.07182073890480335 
0.45099871015295145 0.6809516354846932 0.3074822916620637 
0.6271912468959515 0.9071229849800904 0.4245745723103611 
0.016840635104526856 -0.03755006565461417 0.006690192535013291 
0.7986489722695232 1.1391272020475707 0.5394264314729796 
0.28582918116428235 0.4639495944500662 0.1973366469872489 
0.34909856829245844 0.5686752572324313 0.24117221428668262 
0.3411925523350455 0.5437669006377372 0.23479516642355777 
0.22764153837132045 0.2534406811384572 0.14833377073150675 
0.47104895319705603 0.7010637117608881 0.3203790746692456 
0.7726304729436256 1.0820603343399733 0.5203346148148009 
0.7042607758673854 1.089336117390644 0.48212892324315565 
0.5257322575128879 0.7384497956253422 0.3542238140854917 
0.2840956234753004 0.3948425622717021 0.19109609113169443 
-0.10697356139997809 -0.12808576488679202 -0.07038904067109814 
0.35116121695293673 0.561974326877649 0.2418317247339824 
0.8731953758805066 1.2107492425630584 0.5871364316465182 
0.2416302590774423 0.4141741174485004 0.16849296737084885 
0.7204295963698837 1.0316133259097426 0.48690348139827755 
0.25895002684212565 0.29206343472773166 0.16902125608520457 
0.21807743741167301 0.2520016725383222 0.14280233438955967 
0.16912983171345128 0.2525279466970248 0.11509364353066864 
0.2904000491819796 0.4017699077519995 0.1951971581617139 
0.4643989711799923 0.6073530679627204 0.30947947634841216 
0.5772616118522746 0.8918847282283698 0.39510976780527335 
0.0883010090131853 0.1830490572438251 0.06398515210012924 
0.6957954354462221 0.9909482550011902 0.4698443344900931 
0.47490663950799217 0.7480188380263552 0.3261384557215518 
-0.043365084640407565 -0.14284612822388149 -0.035451957941830745 
-0.05482474692930751 -0.06541067237180354 -0.03605708647126301 
0.6894525653724839 1.0672248046608854 0.4720517785717465 
0.2503527513378504 0.41425613374864884 0.17344404754210935 
0.3966278261373467 0.5911703192301146 0.2698283397226617 
0.5033000841506173 0.7334342420526546 0.34112526980509095 
0.22813421773503817 0.4007033788490226 0.1598170911049097 
0.17158919451671392 0.2963675965014701 0.11982327428727836 
0.21910162443458137 0.2761583463216112 0.14522083718610093 
0.28618420520208265 0.38804838853619256 0.1917632090827332 
-0.07787807708713702 -0.1436346005320279 -0.05507759664999944 
0.15108314551391444 0.2752765812260016 0.10659361229941773 
0.3567103088070609 0.48819069035596396 0.23936394779778442 
0.6729048914193034 0.993173652981333 0.45703684168225694 
0.18937443500417023 0.349353261211906 0.13393709504571222 
0.34499823858339274 0.5298173166049168 0.23589132582754035 
0.6849061504789385 1.0297996206440392 0.4666270081458823 
0.3833604483868756 0.5419643560617562 0.25856329274463646 
0.560746108554491 0.7824282301295946 0.37741936475760407 
0.7154565668130086 1.07546639696474 0.4874206594609148 
0.23378856848063784 0.41627997105099085 0.16420767682578605 
0.49201224699184454 0.6873868847963657 0.3312227504109769 
0.3748588187799328 0.4796145551242893 0.24899997345110242 
0.6884144152636572 1.0412635876855698 0.4694880670393371 
0.6213357532993704 0.9844701822189165 0.4271397702720028 
0.34997487490558815 0.48054017630932855 0.23496351929349582 
0.5314071330149269 0.7184458147160565 0.3559189999395704 
0.41383780561704114 0.6174396265312875 0.28158341145599924 
0.18865389048095274 0.2673863798528333 0.12729242225238235 
0.6281137662128788 0.9331095804166766 0.42707466280000367 
0.24576285076017002 0.3774506296060396 0.16804177117138003 
0.6407122776521111 1.028244865484305 0.4414549122607626 
0.5977351539718636 0.9530265566652234 0.41136814100153596 
0.15858616198386696 0.21788394797915744 0.1064805862226246 
0.3762564011055655 0.5383005317905108 0.25425720950275277 
0.5006320961138838 0.6627624652681369 0.33423593037680804 
0.16271815356391162 0.2685982033414948 0.11268147425930983 
0.8774333149287648 1.2059120327454798 0.589170924306583 
0.2138866128449324 0.21192019914072388 0.13737705515462387 
-0.302455603784665 -0.604363904303949 -0.21744525825211888 
-0.2876765930253863 -0.5884935987269816 -0.2078594944207474 
-0.2842594759861191 -0.5851214866547718 -0.2056657510241666 
-0.2773386921313928 -0.5799972625923719 -0.20135245116186473 
-0.27411935180947455 -0.5818663117145798 -0.19966958592265066 
-0.30529702168836365 -0.6038468367713175 -0.21901673794838394 
-0.2981041797370341 -0.5957631446075539 -0.2143240447194602 
-0.29401626837766565 -0.5915842023300342 -0.21168863833091733 
-0.28301859535709056 -0.5796160873132845 -0.20454342643622436 
-0.2723293030716815 -0.5697064794425137 -0.19772965269136641 
-0.3120227256254023 -0.6072462798954279 -0.22308822116943502 
-0.29333943813561075 -0.5876810508076638 -0.21100797970892143 
-0.2826353373503294 -0.5761380016463842 -0.20406153570486438 
-0.27854582233622294 -0.5712234735543458 -0.20136925547087048 
-0.2749044240729533 -0.5672021337103654 -0.19899897107831147 
-0.4658835042654695 -0.6620758388479829 -0.3144844773871509 
-0.2961188289356815 -0.586782578365986 -0.2125152778305536 
-0.28859042433722576 -0.5785141437193497 -0.20761829630529513 
-0.28539876720756213 -0.5753865195651915 -0.2055709687565573 
-0.28131646867483534 -0.5703981877563361 -0.20287716447235019 
-0.2702785603920846 -0.5586704824762933 -0.1957274337489833 
-0.26693355106864497 -0.5554047030023117 -0.19358265868699404 
-0.2557544888290009 -0.5455763168421395 -0.18649741051936483 
-0.4906152647391535 -0.6811960375721974 -0.32995978061375697 
-0.47576735954374516 -0.6676289246630174 -0.32051019119506385 
-0.4723819871730262 -0.6642923540529537 -0.31833714812696645 
-0.4648767820128802 -0.6558984253532905 -0.3134437707026261 
-0.46129619780344017 -0.6526635817183456 -0.3111678002902172 
-0.45742973023550687 -0.6495384310708217 -0.3087381063007835 
-0.31728298857498743 -0.6027099575507524 -0.2257251682789608 
-0.28415369935905893 -0.5697528628225955 -0.20443651234625695 
-0.28049503070046267 -0.5662836942704744 -0.20209844745725533 
-0.2544700645414694 -0.5387322499997571 -0.18524855244771524 
-0.4966376988857304 -0.6806283497408618 -0.33333074877986846 
-0.4755529909905221 -0.663832036684247 -0.32009978997756505 
-0.46801161468673214 -0.6556035694895593 -0.31519849550158546 
-0.46433709655581534 -0.6516409300569039 -0.31281390126600805 
-0.45232909319196785 -0.6388507877154369 -0.30503338487241194 
-0.35485559069338535 -0.6177371888509914 -0.24816863152263813 
-0.29810966380506654 -0.5806650938592336 -0.2131784661849718 
-0.2941317170144505 -0.5768635721233302 -0.2106341143082545 
-0.28324269144419484 -0.565881705290066 -0.20362553096956848 
-0.2500578724346317 -0.5301883095219152 -0.18209721199948453 
-0.49667241193183564 -0.6786355014344427 -0.33319880827480014 
-0.4897853049668422 -0.67542281994833 -0.32905003374799874 
-0.44009998342322165 -0.6241175554973484 -0.2969796878990098 
-0.40213906390398896 -0.6360581882156076 -0.2763678496090579 
-0.3675692322165633 -0.6177524322445164 -0.2553772411656479 
-0.35708459890323213 -0.6119644533148427 -0.24899307110078528 
-0.3497697208392559 -0.6079476665984755 -0.24454061242099812 
-0.3394440241523669 -0.6024271585405384 -0.23826689428747222 
-0.3253129058051126 -0.5946754605750222 -0.2296661036834325 
-0.3145562663600229 -0.5877096826085524 -0.2230381223728938 
-0.3074652178526594 -0.5829985027314937 -0.2186597234821957 
-0.28245292246371095 -0.5610677845249809 -0.20281155360787173 
-0.2711158498470562 -0.5489893445480497 -0.19546554004646854 
-0.24891702556135178 -0.5257419039299263 -0.18111216742203537 
-0.23395619963782335 -0.5110736835443664 -0.17151478819065966 
-0.5025932146381477 -0.6772115876760688 -0.3364470176413352 
-0.4664828872737145 -0.6463971866844934 -0.3136314109791287 
-0.4540453873412641 -0.6326945060624433 -0.3055379824660295 
-0.44271398989976174 -0.6208399787691596 -0.29821222188913976 
-0.4326175395382463 -0.612332793505897 -0.2918412331585465 
-0.38260246931415687 -0.6180772399142684 -0.2639243975448723 
-0.37308046345043433 -0.6126780170685623 -0.258115524810407 
-0.3591283688294852 -0.6049721131974524 -0.24961970807408057 
-0.3380146519356454 -0.5933876675611829 -0.23676883233919788 
-0.320418985388 -0.5840484495373749 -0.22608318433564886 
-0.30968579653132844 -0.5777046622121519 -0.2195158195160733 
-0.2961452239800961 -0.5685420038897192 -0.21114246488161623 
-0.2813653940284586 -0.555700540503317 -0.20178667653318105 
-0.2664447897309398 -0.5400572034545669 -0.19213791054479631 
-0.26260856426366747 -0.5363399140632348 -0.18968031000252625 
-0.25553264182869484 -0.5285607208795806 -0.18507706608593757 
-0.2439251447209273 -0.5159447676560964 -0.1775368520431172 
-0.23644190816374386 -0.5090155279521197 -0.17276736500395254 
-0.23263001210803744 -0.5044694093655416 -0.1702604981199704 
-0.4885629240049113 -0.6664937195696057 -0.32767771527074696 
-0.4850141662545003 -0.6627623028420068 -0.32538200729967764 
-0.4423347423509649 -0.6166472761534343 -0.29767823534092114 
-0.3916997668172217 -0.6154287199195785 -0.2688802131317374 
-0.38140440297347994 -0.6094106702495677 -0.2625858370118033 
-0.35012826473358666 -0.5919659453777976 -0.24352795462866336 
-0.3294568186241427 -0.5811462545929832 -0.2309859891678531 
-0.29456441075273454 -0.5609423766773379 -0.20966809747939683 
-0.28059426595823983 -0.5501322113329523 -0.20092587005035117 
-0.23217709918329776 -0.5002781037646583 -0.16968485645628725 
-0.2281499262030996 -0.49615068895480474 -0.16708780337280912 
-0.5056686689714879 -0.6739932335216389 -0.3379456553241164 
-0.4917527751742194 -0.6660135214593336 -0.3294495292499364 
-0.484532143920078 -0.6579150807036236 -0.3247399599761175 
-0.48064089527318893 -0.6542751383188834 -0.32225705112150665 
-0.46036167601744327 -0.6323979956589763 -0.3090961704425267 
-0.4453179512824449 -0.6160110560697649 -0.2993210319903512 
-0.42340674183437743 -0.5929390338251141 -0.28514405632735695 
-0.41683576176019915 -0.5876494420716538 -0.2810164811304038 
-0.39375075322485426 -0.6083625760853708 -0.26950532605481947 
-0.3633259343131933 -0.5915677973222415 -0.25097951148841763 
-0.33529166670442695 -0.5757969505515111 -0.23388681935425987 
-0.32447188207694055 -0.5702298478807187 -0.227329454400966 
-0.2932624025712568 -0.5528696942175576 -0.20831579564108163 
-0.278931125970019 -0.5429054116213103 -0.19943319644962768 
-0.2751543440416378 -0.540176855552434 -0.1970845195050835 
-0.264648782787775 -0.5307511768170019 -0.1904117223516468 
-0.24939132711867243 -0.5145932198439991 -0.18053283979735923 
-0.23799923600656156 -0.5027001221136089 -0.17316973705572603 
-0.23074139135026658 -0.49507675487581937 -0.16847521571863408 
-0.21926834399223505 -0.4833542475327484 -0.1610791971609211 
-0.21545220562482553 -0.479415281364086 -0.15861611855502758 
-0.4915080117393555 -0.662713913277751 -0.3290597309294433 
-0.48381634784393496 -0.6539421961959753 -0.3240319059437406 
-0.4801143686666354 -0.6500721830708981 -0.32163879103405846 
-0.4759322695179596 -0.6449626804404831 -0.31887919020238503 
-0.45195535939124 -0.6194516876651719 -0.30334559340021233 
-0.43751450081404575 -0.604097149794646 -0.29399077089845027 
-0.4263970364803493 -0.5922294511022825 -0.2867852883519351 
-0.4082490508927522 -0.5748595770968633 -0.2751755398379519 
-0.3824913699463575 -0.5936464038384737 -0.26200267158187057 
-0.3653623913553763 -0.5846493505530529 -0.25160762467990555 
-0.3442415543828474 -0.5731386190022162 -0.23875832082725668 
-0.3335980111413269 -0.5672864644650305 -0.2322791810443602 
-0.32656199178380163 -0.5634362912183585 -0.22799748552237054 
-0.3126606513325134 -0.5560568974943476 -0.21955528316317063 
-0.30562463197498824 -0.5522067242476756 -0.21527358764118093 
-0.29897320098284613 -0.5490710125310906 -0.21126427542893048 
-0.29199798970892893 -0.5450689818564756 -0.20700549883072317 
-0.28127319601923817 -0.5382466509607164 -0.20040648481279916 
-0.2703951395921966 -0.5305504034798387 -0.19365409592379498 
-0.2560548257589119 -0.5181434622452482 -0.1845805314989008 
-0.2521534208251638 -0.5140436234299561 -0.18205687520924593 
-0.21032762108671663 -0.470303510820566 -0.1550177164330518 
-0.5115750282387607 -0.6700471934872866 -0.34099378859754015 
-0.49475586025795687 -0.6626897168619855 -0.33089911744884887 
-0.49093369916259594 -0.6577794429467863 -0.32835872563637614 
-0.4710721270774307 -0.6363551175876873 -0.315469063154233 
-0.46305805074340706 -0.6278595267850029 -0.31027946855856864 
-0.4476342397927809 -0.6112920914399521 -0.3002751241948951 
-0.440610498420697 -0.6037321198679819 -0.29571814086166726 
-0.4294148188709568 -0.5916305373360973 -0.2884505232639209 
-0.42622466302311945 -0.588300234990864 -0.286388626672246 
-0.40715389607481023 -0.567785439514144 -0.27401647571123083 
-0.40331317442800413 -0.5644725379855428 -0.27158709282708743 
-0.39948737275158763 -0.5621526165064307 -0.26924171592550633 
-0.3674133777630089 -0.5775832067188452 -0.2522327376029877 
-0.3528863697224292 -0.5700008575445441 -0.24342039880545213 
-0.34625789762691456 -0.5662385537461334 -0.2393764298690653 
-0.3322335645232503 -0.5584267583544501 -0.23083160422350865 
-0.3249548502010356 -0.5546812350322472 -0.2264202852333331 
-0.314676863809693 -0.5491572733159199 -0.22017335163034057 
-0.29053828464906006 -0.5365270324891938 -0.20552809486885695 
-0.2727573578037285 -0.5258729098598683 -0.19463738117926388 
-0.2547460453615618 -0.5119249293338874 -0.18336545755566044 
-0.2510441465430821 -0.5088978801901286 -0.1810365224531743 
-0.23206624157770372 -0.48952883921028345 -0.1688041866931867 
-0.21301149957716428 -0.46952003056700203 -0.15647961679370723 
-0.2094309360957553 -0.46555012855930306 -0.15414773353823347 
-0.4979325525767536 -0.6621549787033123 -0.33265932207886845 
-0.47816055043207983 -0.640487317390881 -0.3198019239583189 
-0.4741621823149501 -0.6358617438958045 -0.31718329971806686 
-0.4582136774163788 -0.618902470831423 -0.30685169104979637 
-0.45073745388081166 -0.6108532577964707 -0.30200097010789884 
-0.3980090267814538 -0.5543650755444285 -0.26781114108477333 
-0.36587581542356173 -0.5688064017253476 -0.25069332757118795 
-0.35500241249559444 -0.5631140575014564 -0.24409603743059569 
-0.34836672391870016 -0.5594255574198628 -0.240053592544422 
-0.33762348114808166 -0.553560137669682 -0.23351692317819062 
-0.3097368965281606 -0.5386418871721058 -0.21657282062913852 
-0.29256043949537136 -0.5297557520759845 -0.20615929673541 
-0.27855355354854405 -0.5222346597423757 -0.1976464792255127 
-0.26438899145135664 -0.5135092421285112 -0.1889526467489995 
-0.25714014966291154 -0.5083288849753356 -0.1844490979027298 
-0.24966172278388143 -0.5027760443178851 -0.17978705647566146 
-0.23878155737414467 -0.49236092137293286 -0.17282661494042373 
-0.23476175093858373 -0.4887992819319714 -0.17027678323264617 
-0.21564195257251176 -0.4686111294975701 -0.15790168763110532 
-0.20829867621879344 -0.46082768213707676 -0.15314655529299534 
-0.20491627673168994 -0.45719410183108206 -0.15095260052851645 
-0.4933785531275483 -0.6527785286626996 -0.3293642512234019 
-0.46132244923882276 -0.6183896574756303 -0.30857505916758254 
-0.446774901820729 -0.6030951273998869 -0.2991643195393579 
-0.40925632586593863 -0.562984256627751 -0.2748430746362286 
-0.4050309965573792 -0.5583168734056981 -0.2720926035910706 
-0.3641384990712371 -0.5596923961421105 -0.24901502078862503 
-0.35701862497277403 -0.5562144333230287 -0.24471410589776563 
-0.34690130365927774 -0.550754733578323 -0.2385631435898319 
-0.3397250909584877 -0.5468209450602287 -0.23419560990376065 
-0.3327093161659658 -0.5429519492227958 -0.22992395910608895 
-0.3188601270975296 -0.5359001237966885 -0.22153624371974273 
-0.30873833033253056 -0.5301097535419597 -0.2153575862268707 
-0.29140280590641177 -0.520956588651757 -0.20483356982716694 
-0.26660209978081545 -0.5080864407708019 -0.18979469621312842 
-0.2452867917695426 -0.4934583454022382 -0.1765979706282293 
-0.24136699979336015 -0.49031567954741057 -0.17413671407966955 
-0.23351518180825442 -0.4833683033804505 -0.16915689586528299 
-0.20360486236153552 -0.4524263023921045 -0.1498464078409265 
-0.19281397269004077 -0.4406270767479271 -0.14283127224833472 
-0.5005883874939278 -0.6567028443433228 -0.33375012454958564 
-0.4886352498445564 -0.6436325008086946 -0.3259793936803888 
-0.4845445010526206 -0.6398581223893999 -0.3233731586949769 
-0.4725321530041577 -0.6267368684602546 -0.3155649876910811 
-0.46849055472714474 -0.6225534143735405 -0.3129554932373446 
-0.45368103436320834 -0.6063377760587129 -0.3033261597531645 
-0.4462726349213035 -0.5982667278522645 -0.2985122274914799 
-0.4427761593206322 -0.5948624383449141 -0.29627104706790275 
-0.41227842624290834 -0.5625131591850194 -0.27652048194521106 
-0.4002183725830596 -0.5495033541542134 -0.2686937455428926 
-0.3965772014893679 -0.5454814836011931 -0.2663235495569927 
-0.37872504215931097 -0.5269916137412799 -0.254796295615505 
-0.3558827639288964 -0.5473970643811893 -0.24339933688420626 
-0.3208836524587794 -0.528926606270059 -0.22215283596872007 
-0.29658737641975513 -0.5158270985358313 -0.2073824770836853 
-0.2758871387733911 -0.5052072329626256 -0.1948393925745564 
-0.2652017358869255 -0.49959496072038195 -0.1883547729605997 
-0.24367877136362903 -0.48615410905261974 -0.17513065317186718 
-0.22855802449021523 -0.4742480525098143 -0.1656527641748344 
-0.21350622246099848 -0.45919539824024774 -0.15597456153256573 
-0.19543139760176453 -0.4396631945524389 -0.14424177431120155 
-0.48773441328437844 -0.6395808680970818 -0.3251604476300872 
-0.46398272992746276 -0.6133765403118835 -0.30970178321273056 
-0.456850702029963 -0.6060793443571556 -0.3051034039639569 
-0.4416784462045452 -0.5899740029759474 -0.2952768248719175 
-0.40702937745063406 -0.5530633184786828 -0.27282579919032307 
-0.40315530279638107 -0.5488712944334677 -0.2703106230001343 
-0.392050810168019 -0.5369636282891556 -0.2631094534043402 
-0.3815057424118704 -0.5256879603682281 -0.25627350916364056 
-0.37373607442611334 -0.5175248823505946 -0.25124776950854133 
-0.34384304401296084 -0.5331816871946926 -0.23549240567113924 
-0.33680575054318773 -0.5295336614300561 -0.23122536759874596 
-0.3261577318501645 -0.5233508363828473 -0.22471853263091116 
-0.31586978794756554 -0.5183051526101776 -0.21850234231328347 
-0.3091273141270813 -0.514676749954751 -0.2144039324686268 
-0.29163272230763276 -0.5052565552704669 -0.20376942356294772 
-0.28109332436667617 -0.4998566831425189 -0.19738373493781705 
-0.2706984377553469 -0.49466824260944686 -0.19109605687376482 
-0.263542570706411 -0.49082353710915605 -0.1867468348761428 
-0.2420820582558794 -0.4789044160186776 -0.17367389565562946 
-0.22715532946775846 -0.4679417439641074 -0.16437777125970068 
-0.21983710735719678 -0.46151587305937947 -0.1597401292580051 
-0.20518403842409452 -0.44682765977735134 -0.15031569846246912 
-0.19435860199172494 -0.43519442307991435 -0.14329360682062445 
-0.19045569577615082 -0.43129726245569766 -0.14078451957390667 
-0.1829030361547274 -0.42376226734864725 -0.13592958914118877 
-0.48685489760189254 -0.634167408935395 -0.32424997826758006 
-0.48246054338874717 -0.6297112738629186 -0.3214197580018117 
-0.47883093346105027 -0.6259467111807594 -0.3190756925759982 
-0.4748050345931 -0.6216171488888701 -0.3164639820429237 
-0.4671653646153912 -0.6129701459184288 -0.3114751212421332 
-0.4631512540830139 -0.608897360788361 -0.3088896296758044 
-0.45607843658460523 -0.6016510752281501 -0.30432869056172956 
-0.45254548231189196 -0.5975698139534966 -0.302015324872658 
-0.44890271353368366 -0.5937507112229363 -0.29965965009767465 
-0.44482338917063335 -0.5892957281151792 -0.2970081100413429 
-0.4259029498383562 -0.5692291443161576 -0.2847552815982614 
-0.4182274236472837 -0.5611533112238305 -0.2797895493217146 
-0.40996767817889407 -0.552229021644517 -0.274428067029989 
-0.4026026856583832 -0.5445587283796404 -0.26966923262100556 
-0.3804805560105263 -0.5211078296287488 -0.25534385923946556 
-0.37653692284098544 -0.5162024960181663 -0.25273497994897426 
-0.3653199357397016 -0.5051644064627416 -0.24553619545834093 
-0.36151401472160116 -0.5018882805425849 -0.2431293392434124 
-0.3249019059841547 -0.5152740831915278 -0.22339210215276376 
-0.3179598976544265 -0.5115115959478171 -0.21917037343468793 
-0.3111436230069515 -0.5077770361449387 -0.2150220487678174 
-0.27991270518283634 -0.4914808165358926 -0.19607718254040746 
-0.2655517938717892 -0.4839971859385059 -0.18736651580018518 
-0.25835396609105743 -0.4802844571245928 -0.18300354700737173 
-0.2518874791802597 -0.4772275832433569 -0.17910507898102543 
-0.2331860430822556 -0.4662555820302557 -0.1676683375441679 
-0.21859462307343008 -0.4552748879033735 -0.15856093082461184 
-0.4991842578521876 -0.6478714225847926 -0.33228220307813416 
-0.48566332623898834 -0.6292861465100874 -0.3232030929235118 
-0.4212567405056333 -0.5606084100642819 -0.28146543258048395 
-0.4055467015861967 -0.5438533060197327 -0.2712845454533955 
-0.39112184397624156 -0.528256739579332 -0.261920380029783 
-0.3641457358589749 -0.49983887835413887 -0.24446535757484653 
-0.36043069423385465 -0.4959142355492759 -0.242060681148015 
-0.3237429285785092 -0.5068804521449449 -0.22209646707539923 
-0.3169338704124137 -0.5030720886252492 -0.2179466183583154 
-0.3028446920689243 -0.4959234723461093 -0.20941548739253205 
-0.28199559840831784 -0.4847610635903495 -0.1967467377120252 
-0.2568394697053104 -0.4719273192948122 -0.1815091422719346 
-0.2500101669742117 -0.4681377783658775 -0.17734924883053282 
-0.242563859324799 -0.46460420989778445 -0.17285904595809182 
-0.23534281280938743 -0.4603769549735338 -0.16844376821308496 
-0.19558934478867449 -0.4295589110428014 -0.1435625631592426 
-0.19146665352863146 -0.4246081347840832 -0.14084871725842005 
-0.1805996516535665 -0.4143555471274809 -0.13390810420446286 
-0.48154357794431096 -0.622934043615609 -0.3203842999000916 
-0.47711563758391906 -0.6166609630985799 -0.31739680286525096 
-0.473482922719658 -0.6123634927929773 -0.3150104326369235 
-0.4586922810899467 -0.5964392642407578 -0.3054139726267479 
-0.44404066873010895 -0.5815354157370951 -0.2959739616479537 
-0.42012006155545806 -0.5556502417100373 -0.28044381497411774 
-0.4121334862922186 -0.5469669863903853 -0.2752555330607686 
-0.4085717004581837 -0.5431805885367302 -0.27294825631516795 
-0.375150093512822 -0.5079232199076057 -0.25131887440018147 
-0.3670319119026356 -0.4988803084862941 -0.24602862065496173 
-0.35619200248310556 -0.48748971743188096 -0.23901678510533308 
-0.34892854500016934 -0.4806757397254274 -0.2343806616639055 
-0.3189863076938046 -0.4966466716589397 -0.21862130147101783 
-0.3083819841542031 -0.49106701466221675 -0.21218512771846434 
-0.29770360591977996 -0.48517843596285715 -0.20568346852373498 
-0.26972911479049405 -0.4706116926540561 -0.18871627449020423 
-0.25598681205249885 -0.46360767541034625 -0.18039279102647232 
-0.2410708205538535 -0.45582315817725344 -0.17134455354145547 
-0.2300979155863297 -0.45022536471754704 -0.16469804861368015 
-0.22311676194328078 -0.4460949902777136 -0.16042613861608984 
-0.19053121382928934 -0.4206275424412056 -0.14001555933505538 
-0.4730767414665276 -0.6103420061586617 -0.31462636729657484 
-0.4618098937765397 -0.5958531746099125 -0.3071367776967072 
-0.4274021687687496 -0.5596800974649632 -0.28487868995214966 
-0.42306407748327174 -0.5549448193501297 -0.28205912780650766 
-0.41152887523650866 -0.5425297062252238 -0.27457517849672763 
-0.4007020282647994 -0.5311937448505963 -0.2675749044642483 
-0.3971460540330088 -0.5275361318398148 -0.2652807205433921 
-0.38534036623268314 -0.5143805616504019 -0.25758709579627403 
-0.381972502081251 -0.5115376379163667 -0.25546153581975695 
-0.3740583227658666 -0.5031631283038573 -0.2503377856035793 
-0.35904073327087416 -0.48689875655104736 -0.2405867885834054 
-0.3439322643829016 -0.4712829016829438 -0.2308336117751345 
-0.3036817522798932 -0.48044565481625057 -0.20871244167673736 
-0.28257539894890676 -0.46973862649931736 -0.19593249592035075 
-0.2502849915786525 -0.4526358217350837 -0.17632563137607765 
-0.21821883575236414 -0.43629059142884036 -0.15690353421727535 
-0.20782802035143147 -0.4295574373647998 -0.15050063950151016 
-0.4540037022782636 -0.584343742561634 -0.3018357358399577 
-0.438280766042091 -0.5675332163133734 -0.29164332051297653 
-0.4069925264039033 -0.5344901288568438 -0.27139182562944 
-0.39626227402472786 -0.5226345250717683 -0.26440677637778154 
-0.38097030127478704 -0.5065342103592863 -0.2545127113847484 
-0.3770023386936802 -0.5024577059439497 -0.25195309843596914 
-0.3690895031949817 -0.4936776639537957 -0.246799256388913 
-0.36571716359204687 -0.4905040697097373 -0.24464600122745767 
-0.3545853673824424 -0.4788918840595727 -0.23745183374550036 
-0.3429156306136785 -0.4664270815594978 -0.2298878354405525 
-0.27380530460271285 -0.4572122274520775 -0.1900076382585432 
-0.26649471484506243 -0.45343160374538344 -0.18557557836524557 
-0.2599574563691786 -0.4500665115987696 -0.1816135396441139 
-0.21678242381577334 -0.42816777851623594 -0.1554712239584309 
-0.21002088411588707 -0.42415345859785136 -0.15133264424132106 
-0.20266263915491822 -0.4196408787305229 -0.1468178797170432 
-0.19536481764283903 -0.41477411795772196 -0.14231042292194704 
-0.18800921133883503 -0.4089187998579593 -0.13769499627412943 
-0.44131004853624345 -0.5669886666000953 -0.2933192110291278 
-0.42928774766068467 -0.5544536858545567 -0.2855500024427075 
-0.3992266652844322 -0.5219098390434445 -0.2660321745091279 
-0.39130664000260684 -0.5134068960343322 -0.2608953387255879 
-0.3496457135995293 -0.47015728482501584 -0.23398696601452115 
-0.34577310586290544 -0.46576293403499613 -0.23145722803877725 
-0.3272575174713234 -0.4462016509416356 -0.21947235655677122 
-0.3202529339678873 -0.4407142274878014 -0.2150839172251528 
-0.3001424374607632 -0.4629889901857702 -0.20537784484491872 
-0.29324524093156434 -0.45942466932394044 -0.2011965971045864 
-0.2866386570801923 -0.4562840905398978 -0.19721233874617908 
-0.2684909099268169 -0.44655027144867704 -0.18618369051475675 
-0.2292326148210976 -0.42641789153855414 -0.16239618734256206 
-0.21887681714479978 -0.42150238962359987 -0.15615143473421417 
-0.1903136700250338 -0.4048311227113701 -0.13869041158451975 
-0.44062588611374837 -0.5625193882625622 -0.29259132377404945 
-0.3981623822821124 -0.5172604163963426 -0.2650750885999334 
-0.3749820105021117 -0.49259748974400347 -0.25005757723863103 
-0.3715245007355285 -0.48926293322193104 -0.24784379222543482 
-0.3677313479629993 -0.4849006702356673 -0.2453615391087078 
-0.35611513309202625 -0.47256119892007575 -0.2378374181590379 
-0.3260731329097622 -0.44135493148573013 -0.21843217355198233 
-0.2886405673615004 -0.44953163271744945 -0.19783349588841417 
-0.27428687253183276 -0.4419741984032455 -0.1891213050979787 
-0.2640192475828352 -0.43681430238415486 -0.18290794425549733 
-0.2563299421244956 -0.4326509458082013 -0.17823206883312587 
-0.21414054191194937 -0.41135769215539825 -0.1526945808182821 
-0.19600452671585736 -0.40178570164799376 -0.14168489572979517 
-0.1890553762933479 -0.39800162846544035 -0.13745747581276105 
-0.4272730543098497 -0.5438793801475501 -0.2836033464308971 
-0.42358842588669665 -0.5403001597119318 -0.2812421918248536 
-0.419633622156101 -0.5362781953449964 -0.27869418822524417 
-0.3972352917551282 -0.5119579650553399 -0.26414609441364223 
-0.37784666786852117 -0.49185988994895524 -0.25162545304402456 
-0.3668391384235405 -0.48047795848442754 -0.24451925139882763 
-0.3590520633053478 -0.4719291391993301 -0.23945429561627957 
-0.347534238510984 -0.46000811402810776 -0.23201778882344118 
-0.32884377924837455 -0.44052964568772046 -0.21994008255346204 
-0.3215944872242007 -0.43263058906596413 -0.2152294348059631 
-0.3179100162661878 -0.42925422281691517 -0.212883802987861 
-0.27984294226448586 -0.4373012448733967 -0.19191555193378415 
-0.2725468551740324 -0.4331696288374593 -0.18746500955877776 
-0.2584041252527158 -0.4260040280600555 -0.1789022276272092 
-0.2475844417120805 -0.4205448309978277 -0.1723531296380467 
-0.2332756550856327 -0.41318547343412 -0.16368146765737523 
-0.20889714597071765 -0.40100342370833614 -0.14893429217594012 
-0.4190362275817707 -0.5317671114630176 -0.27801230961099 
-0.41566662900871293 -0.5281890429921189 -0.2758298352143832 
-0.40415458911834024 -0.5161935073995455 -0.26839093903298633 
-0.36613316909176646 -0.4760272371107768 -0.2437804135064475 
-0.3619440853154495 -0.47109900272808825 -0.24103064426375725 
-0.3542988071952598 -0.4633693845289316 -0.23610840049074186 
-0.34700628501120245 -0.45591244731553754 -0.23140688252975838 
-0.33929735540461564 -0.4478008967655703 -0.2264194961797239 
-0.32848076580661667 -0.43703273743005916 -0.21946823654641998 
-0.3170915464912702 -0.4247347243951733 -0.21207595514427385 
-0.2984403826052392 -0.4062637223366183 -0.20009717557972315 
-0.2641943726581781 -0.42129908054036597 -0.18182679721770725 
-0.23883878383452503 -0.4082358620008846 -0.16645866765502598 
-0.22841211819045057 -0.40301223145193704 -0.1601502965198722 
-0.22170733609180657 -0.399655709263824 -0.15609393953519282 
-0.2146163946415157 -0.3959907886323082 -0.15179520266499366 
-0.20697212815328347 -0.3920250677291958 -0.14715989662702483 
-0.20003888358138383 -0.3888294140051817 -0.14298626188037672 
-0.40719556354537484 -0.5159058244794733 -0.27009300068386255 
-0.40315663062357937 -0.5105829274245494 -0.2673983263198892 
-0.39573547626225186 -0.5032996828105941 -0.26263710075491054 
-0.3875740301279849 -0.4946992422439153 -0.2573559840535883 
-0.37652168888247495 -0.4831191443975067 -0.2502093014306479 
-0.3690108889059967 -0.4753442669955143 -0.2453598508289903 
-0.3611213732288289 -0.46718665672426213 -0.24026658469825873 
-0.3532606891129826 -0.4587341830320117 -0.23516722962405623 
-0.34995614690545723 -0.4553354583522329 -0.2330352809295108 
-0.34569179538452044 -0.4505033935668972 -0.23025015865016185 
-0.3385727391923548 -0.4431662301602206 -0.22565609235210918 
-0.32724869934348416 -0.4312507665492947 -0.21832986669734797 
-0.3159693405282553 -0.4195339103979048 -0.21104408144569164 
-0.31264762432809384 -0.4166872673786009 -0.20894440008672416 
-0.29719220982017175 -0.40009715797057865 -0.1989204143669088 
-0.258710953077696 -0.41084837268654173 -0.1779231002533102 
-0.23730985448601896 -0.4000263316047385 -0.1649673110200154 
-0.2237106168880531 -0.3927010143279554 -0.15670048705985218 
-0.19858496810966675 -0.38032094945649786 -0.14151468766206288 
0.6156066596374393 0.9208850448475524 0.4190542338035695 
-0.3905369201058634 -0.4941772344066669 -0.2589959512278719 
-0.37938053464664045 -0.48225275975958504 -0.25176408441129705 
-0.3719809953652546 -0.47474845544144867 -0.24699829395306058 
-0.3677064531932615 -0.46945684567183166 -0.24417243149604945 
-0.30380492759249755 -0.403117594960504 -0.20289900947802092 
-0.2607577715622239 -0.4042939916145897 -0.17858478620530935 
-0.2361697291163461 -0.39172081505653933 -0.16368906720335247 
-0.21110755506284642 -0.3788798081859587 -0.14850418274336563 
-0.3975905188512764 -0.49752464319810275 -0.263249361379357 
-0.37064041520712815 -0.46922979088696626 -0.24581843978178353 
-0.36300244997100856 -0.4614262793396079 -0.24089471979057547 
-0.3590301427052867 -0.4570186633365931 -0.23830745223149666 
-0.34790711025351057 -0.4459733112061249 -0.23116137872096706 
-0.3291386973086325 -0.4262600768709063 -0.21902161854903388 
-0.30657436088131174 -0.4026974004624838 -0.20443705088501782 
-0.29153388687829007 -0.3869642311358395 -0.1947134953398087 
-0.2878507253727659 -0.3831826839554165 -0.19233777894821 
-0.2344224952771661 -0.38299004920757035 -0.16203429571436476 
-0.2277174860089441 -0.3796340577284971 -0.1579778503230262 
-0.20605053478034738 -0.3686050842787794 -0.144855603625273 
-0.19918671198662638 -0.3651848275608094 -0.14070423634792112 
-0.3852541632195451 -0.4808811757871846 -0.25498953178701056 
-0.37783590735323475 -0.4733963111329584 -0.2502146097748219 
-0.3658931014661718 -0.4607983799817862 -0.2424856780556289 
-0.3397655122871873 -0.4336516324645133 -0.22560839543156735 
-0.33562836136613255 -0.4286451683752051 -0.22288211541786848 
-0.32827379135041623 -0.4215418846255189 -0.21817232872531694 
-0.3210491896627117 -0.41406302260924427 -0.21350764727656693 
-0.3020089473475854 -0.3940148635871634 -0.20118830349817426 
-0.2866647371564665 -0.3776003786849924 -0.19124072209797002 
-0.2751253106083094 -0.3656020797443371 -0.18378608999329696 
-0.26810194945749893 -0.35993115213645904 -0.17937304415180533 
-0.24691167881483128 -0.38151319047939086 -0.1690021367221797 
-0.21893009158738688 -0.367768176659336 -0.1520934385542687 
-0.20124646215208744 -0.35868551724629816 -0.14137744324243093 
-0.37278626230331674 -0.4640809960925608 -0.2466432053187144 
-0.3347333143941063 -0.42462702048219025 -0.2220689991111192 
-0.30102282318302 -0.3895043762015776 -0.20028609681640083 
-0.28566284387840063 -0.3734393844001906 -0.19035616587681686 
-0.27474926908292785 -0.36205019036061953 -0.18330267521172366 
-0.2384451945740074 -0.3697765433252818 -0.16330948347283936 
-0.2170687596205469 -0.3591714015847358 -0.15038417832499062 
-0.20664346449141086 -0.35374553392236796 -0.1440611975722611 
-0.36432960012270144 -0.4517585168325003 -0.24091154907726012 
-0.35281900513586556 -0.4394653544708466 -0.23345082802911593 
-0.3376455809692114 -0.4237780614201875 -0.2236553924829149 
-0.3300493225970569 -0.41563980863126665 -0.21872984866693634 
-0.31834376963933075 -0.40365113779991646 -0.2111817708944426 
-0.296135163317819 -0.38089449107835494 -0.19686019327033386 
-0.2883944279802343 -0.37254445524828755 -0.19183663163589498 
-0.27328459892168777 -0.3571441459704341 -0.1820990828429029 
-0.26920397843229715 -0.3527960103204371 -0.17945493715497524 
-0.2229457051697362 -0.3546280334162095 -0.1533701909375952 
-0.212120148964407 -0.3488371076931541 -0.14679252516776733 
-0.34834486160005934 -0.43127497782532814 -0.23029126668133773 
-0.33284021350067244 -0.4147957002424959 -0.22024780239273395 
-0.3294607881832455 -0.41169546863759965 -0.2180961118561304 
-0.3211677403861922 -0.4028433672092103 -0.21272124245504828 
-0.3176406721043211 -0.39879550112177026 -0.21041375434154955 
-0.3137032191278721 -0.39506432944429387 -0.2078977110455789 
-0.31034246141896293 -0.3914129846983425 -0.20571467360114506 
-0.30250059497489207 -0.38304897695074636 -0.20063271704502614 
-0.2987943514717973 -0.3796908162193092 -0.19827612733224037 
-0.29478439250863636 -0.37491628153959133 -0.19563959892139468 
-0.29110433593967644 -0.37166764198261165 -0.19330618733230998 
-0.28009243213004414 -0.3600629456166252 -0.18618055746630613 
-0.2679922635912407 -0.3480414760944547 -0.17840627405072024 
-0.26422667295194524 -0.3436944924091772 -0.17594080857222927 
-0.252573113911931 -0.33183053568916127 -0.16843169498464775 
-0.22108433883869907 -0.3460316097878799 -0.15166093796569904 
-0.3511761452309909 -0.4303933138864201 -0.23182926202375076 
-0.34327360147019964 -0.42218072248911176 -0.22672442711848803 
-0.33566431501442134 -0.41398748857413453 -0.2217873145279782 
-0.3204444946888699 -0.3980064634904404 -0.21194322900985782 
-0.3165144156589407 -0.3944043422827162 -0.2094411844516154 
-0.27456875655935525 -0.3505877058722617 -0.18232825451629997 
-0.26305986631410855 -0.33913803493369105 -0.1749326742777383 
-0.2161356317798687 -0.3356974055276828 -0.1480692369764552 
-0.34616259421839674 -0.4215526471357961 -0.22831443163853718 
-0.33508302378024235 -0.4101726401278749 -0.22116753588026192 
-0.32325569121993847 -0.39734647632886266 -0.21348670241589435 
-0.3158547250453249 -0.38994946054614155 -0.20872826575142353 
-0.3043225416768001 -0.3780806531528935 -0.20128759180984002 
-0.2855194912285608 -0.35843881063268074 -0.18913362702222575 
-0.2813939625359504 -0.3538925982321874 -0.18644895252453408 
-0.23946301424748548 -0.3108791343465967 -0.15940546909214018 
-0.20762859734658864 -0.3237954597371417 -0.14234101932255808 
-0.3259989061922046 -0.39650547015221166 -0.21497786435377655 
-0.32205697776425285 -0.39244362796471205 -0.21243412587286767 
-0.2993005551628063 -0.3687805277820976 -0.1977330228239891 
-0.291416698306903 -0.3606568434070986 -0.19264554586217136 
-0.2497517334222452 -0.3178498708117672 -0.16576856046887445 
-0.2421209893516656 -0.3100805507875405 -0.16085153555956389 
-0.2312262322279683 -0.29877982269262365 -0.15381544341255426 
-0.30987832369507323 -0.37637742270124447 -0.204307617536183 
-0.30208847786696696 -0.36834142432920697 -0.1992801073782791 
-0.28674160103456936 -0.35223602399821624 -0.18935452996405477 
-0.27496655062400516 -0.3397369874194524 -0.18172822404717942 
-0.2524038625599842 -0.316922853856108 -0.16720154136893564 
-0.23754702884602233 -0.301579016533068 -0.1576117138487197 
-0.23383796863839118 -0.29789036128710183 -0.15522838269600003 
0.39200772331615874 0.5261129733459586 0.26225948937532284 
-0.29680756696540533 -0.3585581497647652 -0.19554199351517654 
-0.28139714101952296 -0.34300908108855777 -0.18562271641232134 
-0.26972767612889886 -0.33055670491000244 -0.1780598176543538 
-0.265947692861263 -0.3272953308490675 -0.17566878807527506 
-0.3113632776041278 -0.3698485711798665 -0.204652720971977 
-0.30356213811402355 -0.36249273641863633 -0.1996705564596316 
0.2891454358552269 0.5009299400838682 0.2020301870999099 
0.6608330009881522 0.9079324288089706 0.4437078956183472 
0.665217430183002 0.9943471670882137 0.4527680507063517 
0.03543589724963535 0.06089500991052219 0.02472185573260594 
0.5597482900100281 0.8994122318426692 0.3857540528022182 
0.3274879102174394 0.4757094342741423 0.22184797423952415 
0.240145329733194 0.26701291427591345 0.15645485562234246 
0.15852236721039084 0.28275062098412845 0.1113795964053837 
0.4141626464698588 0.6696420554172551 0.2857392228180013 
0.3520634566323705 0.47374600257381894 0.23563063724453465 
0.47283121517100446 0.6941955508632617 0.3208669087883822 
0.4546140233478278 0.6147410548862393 0.3044944144776987 
0.2744585961479129 0.32996286703823424 0.18069662812941092 
0.18254728138302764 0.28879690328731633 0.12545949602894846 
0.4538872491736263 0.7007572944232158 0.310626675075567 
0.2513472427258421 0.42816077739130187 0.17506572235843829 
0.6642689558833417 0.9190742520351444 0.4465034522489479 
0.518263305922746 0.7400487144517304 0.3501112632890306 
0.1812419439079546 0.3242643158846543 0.12741791736204613 
-0.08758143553385292 -0.15079092551958126 -0.06112296296291703 
0.17463998021657887 0.3176394785282714 0.12317118939857047 
0.6400906816808979 0.9782459739302087 0.4372985175786594 
0.44184319529606586 0.5759258120699104 0.29430141003220817 
0.8863114451998083 1.1887459320678941 0.5928979682391505 
0.4385842978862913 0.7302600096254335 0.30419594872652717 
0.02424400132782743 0.052874862158651545 0.017766906169518922 
0.45763506460077835 0.7478796306547708 0.3163364912181514 
-0.11665531179199838 -0.17219167053741558 -0.07923334933595853 
0.11114173027549606 0.1860745076640914 0.077163894254524 
0.5125014040205507 0.7597837411103279 0.34834627904205484 
0.1817194201026083 0.26057803415987585 0.12284323233330348 
0.16976234221230818 0.3038934223977092 0.11936019796993619 
0.7323208241381127 1.0677536159759977 0.49639431912856435 
0.7131148732205734 1.0570930557949991 0.48469525981417133 
0.8713261245883213 1.2168033776246372 0.5865373501070195 
0.2739035183014004 0.36628250612146823 0.18314521571119066 
0.10389195769707858 0.13428443745450644 0.0691136649792386 
0.5316925439597895 0.74472007260342 0.35807979524619754 
0.08608518150130196 0.19265911827757112 0.0634601355360836 
0.12693032887546282 0.21064606644514924 0.08798400766221286 
0.6571063412783018 0.9700187257809113 0.44631886661630044 
0.7304110141071575 1.0978975743397037 0.4976050426599199 
0.49392595784759963 0.6806755258138293 0.3317970335740426 
0.37076832677184246 0.49316118668224723 0.24771169835782855 
0.27708217858907297 0.3242492853316801 0.181749255056654 
0.6387372849360644 0.9515357688496294 0.4344991061893862 
0.24322790230220342 0.3798919468045869 0.1667904315457695 
0.14624817291450104 0.2600038956902803 0.10269065940412574 
0.16654253459247978 0.18861969148649418 0.10876462950173876 
0.12144962414058397 0.14989260492068843 0.08025472367718087 
0.21224019300986965 0.24628474949842508 0.1390582067876424 
0.6775714117342432 1.0064330166284747 0.46069112059619355 
0.3025022960610217 0.503658452688016 0.2098098723067975 
0.8838506437962688 1.1919721184061671 0.5917483773720337 
0.5276258545705272 0.7317568181559114 0.354788093098878 
0.6492336516300831 0.9457861964386065 0.44001212984591814 
0.22543432821159146 0.25690647630646524 0.14734617234701303 
0.31609651127189153 0.40339606591090077 0.2098883784942437 
0.5326258895756343 0.8221619594954397 0.3645008365194489 
0.7415856851210909 1.0362525455374518 0.4992499724495311 
0.5550248312333503 0.8022331657689642 0.37568272966601357 
0.5769994643506537 0.8661379534819033 0.39300229259116076 
0.6260330408561163 0.8561642776720529 0.42004094517948115 
0.029019543887173097 0.08042325961994322 0.022570126528291157 
0.14012426475854742 0.20797752357542906 0.09526071204771457 
0.09776882161522828 0.15392708285564832 0.06713686608146636 
-0.21647736031547643 -0.2089918820472993 -0.13862297577182414 
-0.2191149209721813 -0.21386677692022119 -0.14048911783159923 
-0.22282542455884385 -0.22029455565094935 -0.14308166480198778 
-0.22815281787677094 -0.22725273081575376 -0.146631191101125 
-0.23094757039392774 -0.23164664334671878 -0.14854985227444406 
-0.2335589498160037 -0.23555565495565017 -0.1503276658376394 
-0.23615729077078965 -0.2401580522881094 -0.1521508418670715 
-0.2395663588705121 -0.24468741992312898 -0.15442806839828058 
-0.2419393363183849 -0.2490452397061519 -0.1561048764118903 
-0.245128381859696 -0.2525082139388796 -0.15817623748463236 
-0.24763891270780763 -0.25746202882872943 -0.15997636986160638 
-0.24999291501876464 -0.2615285284805287 -0.16162025656919102 
-0.251980708009771 -0.2645760484439467 -0.16297901087099356 
-0.22648626612904255 -0.4267861390693834 -0.16086728052968582 
-0.22935211846771442 -0.4315956447652511 -0.1628578677685806 
-0.25436254300673844 -0.26860157064763635 -0.1646355584780087 
-0.257071153315335 -0.2708683550935628 -0.166343549227244 
-0.2323581594654906 -0.43638077049259194 -0.1649260740394462 
-0.25924911641402815 -0.2754357178288842 -0.16792574469269392 
-0.25879862755521976 -0.27554337280622426 -0.16767855008181937 
-0.2623575579463781 -0.27992467275176935 -0.1700294693035326 
-0.23679701174210163 -0.4431213936885639 -0.1679553286214083 
-0.2619191799800654 -0.2812528418799884 -0.16988199940307275 
-0.26594177476548925 -0.28532200559231397 -0.17247202522606278 
-0.24091179517385197 -0.44924229290926687 -0.17075371662920077 
-0.2689949152698612 -0.28893752756329283 -0.1744779469212127 
-0.2439376053987287 -0.4529500001101687 -0.17275115822488457 
-0.2680062014638087 -0.29061954883779256 -0.17404540961067227 
-0.2715990782105576 -0.2929203428890415 -0.1762572845346213 
-0.2461662929870463 -0.45795221967880895 -0.17439519445695376 
-0.2744429365340755 -0.29689222272202764 -0.1781716750992946 
-0.2727442133901633 -0.29760291149070384 -0.17726272789855993 
-0.2771526392708049 -0.3018730987469074 -0.18008677823627928 
-0.2513307262254761 -0.4652068663026407 -0.17787489367233789 
-0.25361186257982143 -0.46826034564017543 -0.17940039972321084 
-0.27542051841088444 -0.3016917079684103 -0.17909102658917816 
-0.28004293377762135 -0.30604367240353897 -0.18204261078108228 
-0.25644037074945214 -0.4735453659316188 -0.18140599432419402 
-0.2785290907101219 -0.30618022181364035 -0.1811947917746554 
-0.2831716198749745 -0.31051380473566326 -0.18415638011623892 
-0.28203823727415456 -0.3117815402287177 -0.1836103094566787 
-0.28566034381380717 -0.3154861765893954 -0.18594556185591124 
-0.2600133016395056 -0.4787371293921555 -0.18382651207994297 
-0.2618319466249825 -0.4817926918723097 -0.1850899871158115 
-0.28939746418704426 -0.3201663640783098 -0.18842023810549585 
-0.2877307175654188 -0.3210200588400413 -0.18754029877201456 
-0.29230507508381015 -0.324628081870671 -0.19040803821131955 
-0.2678478786708772 -0.48999543881562724 -0.18912454001706733 
-0.29118008198976675 -0.3255119605563082 -0.18983751908781848 
-0.2946606053748459 -0.3286951985956194 -0.19205283808926993 
-0.271403485398739 -0.4965434664576635 -0.1916384236626063 
-0.29830545948627624 -0.3340361532952658 -0.19452548035273345 
-0.29500519340618914 -0.3328639930020751 -0.19256535694061527 
-0.2979260407689464 -0.3346677481237281 -0.19435843819692739 
-0.2765546347192761 -0.5028876520212161 -0.19504132258130338 
-0.30001126226793 -0.33883728213410347 -0.1958577902767564 
-0.30329222444551257 -0.3416831403209062 -0.1979343081914859 
-0.27913565928411266 -0.5071989052179458 -0.1968325310497148 
-0.30291760373660837 -0.3436091426484492 -0.19786846696428714 
-0.30643814091379123 -0.34569613957056056 -0.20002306601487474 
-0.30323535697663107 -0.34218547520190434 -0.19794028819871565 
-0.3092270771445433 -0.349853272018703 -0.2019204152313385 
-0.28323822452785047 -0.5149201396930985 -0.19974574893526675 
-0.2855609026543782 -0.5168779949865825 -0.20121144820564152 
-0.3059266906812351 -0.34793318595358336 -0.19990332000381375 
-0.3077194990030984 -0.35108190218308033 -0.20115923536796382 
-0.31037577624472784 -0.35593735739209215 -0.20303450898169118 
-0.3136981837918023 -0.3576876811662287 -0.20505117228390188 
-0.2890375004463711 -0.5233501940286712 -0.2036747719683177 
-0.29167172126399354 -0.5285784449780047 -0.20556590463125946 
-0.31730556296730394 -0.36350459153910586 -0.20753878133481524 
-0.31496381279201024 -0.3633278986701431 -0.20619778410582168 
-0.3198894813429972 -0.36750622945561545 -0.2093080742239059 
-0.2950868302082743 -0.5324450205191619 -0.20779612931594005 
-0.2969141185683586 -0.5353194907470836 -0.2090507265078298 
-0.3174104602999863 -0.367792316678273 -0.2079244663670067 
-0.3232045994773724 -0.37215085490562755 -0.211540808907122 
-0.30019729552068775 -0.5396180767547019 -0.21123902619989218 
-0.32006057370241203 -0.37166359674157307 -0.20972136780181316 
-0.3005823032160438 -0.5400855022243728 -0.21149285227248263 
-0.30315219415614514 -0.5469404900125382 -0.21347128102290788 
-0.3240666916735342 -0.3769885860124557 -0.2123975983265805 
-0.3268545621744061 -0.3786349221458693 -0.21410331736859775 
-0.32670530497241507 -0.38080550202284874 -0.21418384415722144 
-0.32982824771468344 -0.3822183563130922 -0.21606175420473075 
-0.331966176531686 -0.3847499098874958 -0.21746636585543627 
-0.30708566241787894 -0.5503102074143592 -0.21595756525041565 
-0.3089268064364491 -0.5551536450068535 -0.21736981997051272 
-0.3292732624052704 -0.38495413029984366 -0.21595527197637288 
-0.3318836000779967 -0.3871003609973597 -0.2175983793485077 
-0.33414228756887215 -0.3913896688144526 -0.21920518309126755 
-0.3372118705626507 -0.392988041346731 -0.22106695770355111 
-0.3129688390719604 -0.5592113667499305 -0.21996999471691447 
-0.3149064365718122 -0.5635222945328018 -0.2213964152454909 
-0.3145026357629703 -0.5697226031676376 -0.2216392287120885 
-0.33322238943620813 -0.3917889322369736 -0.21871406327588494 
-0.3370079184374719 -0.395343343129827 -0.22113053155062445 
-0.3359524675048285 -0.39675054459343734 -0.22063925171182622 
-0.34083020897435734 -0.4001844928967555 -0.22366573765194991 
-0.31828722022529016 -0.5684106904011925 -0.22368492266045645 
-0.3207735318998347 -0.5718225184569296 -0.22535400782664394 
-0.3390291596844698 -0.4010959628142273 -0.2227140568620707 
-0.3439791396367137 -0.40463580263811877 -0.22578955171142448 
-0.32109058941880153 -0.5724202154157007 -0.22557922377649378 
-0.32384221079018954 -0.5781551991912883 -0.22757546477839163 
-0.34160433359870457 -0.40517078737440493 -0.2244839606310088 
-0.3443186858051075 -0.4077697415588139 -0.22622047858627092 
-0.3468867505334795 -0.4090975204304799 -0.22777735181724815 
-0.3238581080591533 -0.576906223545204 -0.22748945268236712 
-0.3271329831591106 -0.5834386670491518 -0.22984300198772006 
-0.3445464912563454 -0.40946651622002594 -0.22647871678608547 
-0.350580483281693 -0.4140169731411873 -0.23024563506540685 
-0.32783502021790234 -0.5815753859099713 -0.23009922971523689 
-0.33016196972736583 -0.587895534168281 -0.2318992417395418 
-0.34750044193371915 -0.41412701746741715 -0.22850791104001827 
-0.3498562963061833 -0.416121120927581 -0.22999517597722166 
-0.35344611415029276 -0.4179706474565616 -0.23217098352476376 
-0.33086120937799135 -0.5863417786779358 -0.23217743287839998 
-0.35289656619207194 -0.41988451595907295 -0.23200505168578184 
-0.35298186091394196 -0.42297379217332526 -0.23228844366446674 
-0.35583163813522056 -0.424253607443856 -0.23400137246571026 
-0.3587077273580157 -0.42649886490072214 -0.23580267033817218 
-0.3355179365312806 -0.5915936410921301 -0.235216934550171 
-0.3588970469972285 -0.4292924977522832 -0.2361225416592163 
-0.3628267350911601 -0.4322029499371744 -0.23857174114085775 
-0.35799596653633997 -0.4297802271194585 -0.23564882036191723 
-0.3616181294542819 -0.43357981205814117 -0.23799132858496 
-0.3658105549042042 -0.43615098051067347 -0.24056366233084275 
-0.3608160127770341 -0.436197209253017 -0.23773573957820673 
-0.3638970958743576 -0.43784994583820264 -0.23960816979465585 
-0.3686997003661541 -0.4413796226612186 -0.2425993432727593 
0.7927687257577838 1.109800392478932 0.5338616420595108 
-0.3672945627836841 -0.44221704381175064 -0.24186647375756806 
-0.3714712858427599 -0.4452459624199021 -0.24446473218558443 
-0.3661912858564335 -0.4429877684017712 -0.24129965670494055 
-0.37026862725917387 -0.44685916354603616 -0.24390567216118036 
-0.37447001395646606 -0.4501049814954447 -0.24653441467464268 
-0.3689195847948664 -0.4472012789908119 -0.243166919580471 
-0.37306487637399605 -0.4509424026459768 -0.24580154515945146 
-0.3717884513276162 -0.45244909517838855 -0.2451925630554516 
-0.37627028108972743 -0.4559570922486464 -0.24800023772088722 
-0.37917789819515907 -0.4574900550271143 -0.24976521627440554 
-0.3792239492345794 -0.4595588182975904 -0.2499487182393614 
-0.3815769364944396 -0.4620658323021988 -0.25147338096918836 
-0.3772072667794572 -0.45974796343100793 -0.24881983774163588 
-0.3788801263230588 -0.4627942417983219 -0.24999995966602234 
-0.3816791790547132 -0.46363920023553395 -0.2516510477006467 
-0.3846722248757844 -0.46564388508714977 -0.25350034585797854 
-0.3817513149260719 -0.466673936401385 -0.2519228303301617 
-0.38436434892011373 -0.4684027358415013 -0.253535707326824 
-0.3871436324246676 -0.4703251128051523 -0.25525756003663025 
-0.38457365925649906 -0.4709747815471167 -0.25385005275222405 
-0.38736587444198617 -0.4729522292682086 -0.255583426404541 
-0.39116550346541973 -0.47614366258795393 -0.25798027207595287 
-0.38790190187718837 -0.47567429849180043 -0.256094404041992 
-0.39121864021933217 -0.47813906321926786 -0.25816220941605694 
-0.3907528459151982 -0.4795728156856245 -0.2580072299818134 
-0.39502498019704607 -0.4823788364970976 -0.2606426192066751 
-0.39698225323903 -0.4850677152458255 -0.26195678545796597 
-0.39315201498136637 -0.4841481518830539 -0.25971543525123486 
-0.39579085127482455 -0.48578414902009787 -0.26133587917699747 
-0.3959540803825931 -0.48846817106581697 -0.26163262020636113 
-0.39889767114212743 -0.48972785636212945 -0.26339720101536673 
-0.4010930876063235 -0.49165716714163216 -0.2647885830641706 
-0.3993819261296898 -0.49318104285488035 -0.26393445324744336 
-0.40424341846365497 -0.4957978930833557 -0.26688956111657675 
-0.40344251755392757 -0.49746547883915304 -0.2665623979342232 
-0.403001635056335 -0.5001752572914847 -0.2665186235782665 
-0.4082706002637124 -0.5029753666238814 -0.2697186732821742 
-0.4108144099691167 -0.5050365850351334 -0.271317597605692 
-0.4054253369938321 -0.5049679339078263 -0.2682572723584953 
-0.40778096989622425 -0.506106205987497 -0.2696792985161609 
-0.41127120391029626 -0.5085823978354624 -0.27184632916366386 
-0.41367431525449655 -0.5096097517258337 -0.27328683231309303 
-0.4106696056560743 -0.5102766036486345 -0.27163417731595957 
-0.4158882253090396 -0.5137005417147752 -0.27485314782072734 
-0.41058871759008597 -0.513280559394187 -0.2718168678030137 
-0.4132232655772185 -0.5146803935215578 -0.27341691294228687 
-0.41880305268718504 -0.5180884557903191 -0.2768394238763378 
-0.4134587675318991 -0.5174699556415796 -0.27376265562349866 
-0.4169274875528805 -0.5202751128022906 -0.27594251812839077 
-0.4194272795479403 -0.5207694261739989 -0.2773972754929583 
-0.4163848782276779 -0.5211643976294864 -0.2757025676358476 
-0.4217495028261522 -0.5248007358099226 -0.2790204691294414 
-0.42429458195964415 -0.5265518114991901 -0.28059651687125226 
-0.41854990964543815 -0.525676689607367 -0.2772732421587869 
-0.42106565219966924 -0.5267723794681741 -0.2787827958340615 
-0.42422217980312293 -0.5291718208059406 -0.28075480672638603 
-0.4281787792169363 -0.5310264404032357 -0.28313893273180396 
-0.4239804795778146 -0.5311602935437181 -0.28076907188967193 
-0.4258740964492411 -0.5333592447016864 -0.28200987643183295 
-0.4285692817286928 -0.5347027006881588 -0.2836400079120394 
-0.42503849131349863 -0.5349899652176546 -0.28166023441228505 
-0.42816746146787893 -0.5374821224943839 -0.28362367679848427 
-0.43248812214955035 -0.5390112510140798 -0.2861894276538646 
-0.4278983965988784 -0.5395631319083549 -0.28362946911968606 
-0.4308712275349828 -0.5414782926645122 -0.28546049616320723 
-0.4335938394966203 -0.5427294737896771 -0.2870991555749004 
-0.43687291579696047 -0.5448140113636115 -0.2891166816994954 
0.6083395510225332 0.8886608441508046 0.41248278397614513 
-0.43196378603154173 -0.5451419753917085 -0.28635861473507324 
-0.436247102544172 -0.54714661850698 -0.2889393729525421 
-0.4397445797378763 -0.5497523019023526 -0.2911203617631346 
-0.43251691307078177 -0.5474073526104856 -0.2868445402861178 
-0.43912878037463365 -0.5517015796800685 -0.2909195655546267 
-0.43592159646148787 -0.5517006468672163 -0.2891013201988168 
-0.43844934882136405 -0.5539089452703382 -0.29070233162037484 
-0.4452356336724326 -0.5571570616755454 -0.29479664535854916 
-0.4430563323500309 -0.55866240311199 -0.29367571375560697 
-0.4462936454081165 -0.5609867333494819 -0.2956878078811623 
-0.44827243244319126 -0.5633466467854643 -0.296989142275064 
-0.44171657369001655 -0.5606429050426999 -0.29306687568614637 
-0.44531378477701583 -0.563261502204797 -0.29530538682269186 
-0.44505632109841115 -0.5655047812802396 -0.29533010171219043 
-0.4483108645274222 -0.5673719784352617 -0.2973171843259779 
-0.4511403227950994 -0.5687660059522135 -0.2990272836520751 
-0.45335576235422664 -0.5698206627604618 -0.30036347164565896 
-0.4485479537829529 -0.5707071395824076 -0.29770533703704116 
-0.45166364001944054 -0.5722888357988577 -0.2995919791265533 
-0.4568301646678431 -0.5754801541450998 -0.30276371848227757 
-0.44894189304564236 -0.5719575612351744 -0.2980237982667039 
-0.454290970000688 -0.576799223896888 -0.3014245890004559 
-0.4568140551190259 -0.5777126737232738 -0.3029244400680451 
-0.45927236640435304 -0.579505554956987 -0.3044544791690316 
-0.4519216460224327 -0.5765252601794933 -0.30006055944973714 
-0.4567607291862714 -0.5807319087698124 -0.3031239181933352 
-0.45887344463855645 -0.582083356722941 -0.3044244516082664 
-0.46141257671875624 -0.5835980934070409 -0.30597914681858335 
-0.4548239206548573 -0.5819167890646592 -0.30211607613031627 
-0.45946156707832136 -0.5850380456664314 -0.3049826603947608 
-0.46162198814199257 -0.5862780447212208 -0.3063017592081148 
-0.4641091263044805 -0.5876680672939866 -0.30781749023351956 
-0.45775199758669843 -0.5872155156467528 -0.3041791597399958 
-0.46249055364657665 -0.5894949127855604 -0.30703890014658247 
-0.4668664142693751 -0.5917895686485982 -0.30969418695352047 
-0.4606869731271565 -0.5915846967629202 -0.30617543268790365 
-0.46582438836587636 -0.5941200985716625 -0.30928076638375096 
-0.46930302118955264 -0.5964340207581562 -0.3114288744629572 
-0.4660888182845689 -0.5966147076393011 -0.3096204679535124 
-0.46824504174509873 -0.5984748161425658 -0.3109843661852761 
-0.4713637765398612 -0.6004944714044542 -0.3129060572534921 
-0.4738609285918949 -0.6015011646115674 -0.3143983008173422 
-0.4657690336101045 -0.5983688554599026 -0.30957263864020573 
-0.4689808518578695 -0.6023900965991592 -0.3116993836889869 
-0.47253592076740225 -0.6041898008577514 -0.3138517012590135 
-0.4714506110434529 -0.6063227814720838 -0.31339871288186627 
-0.4781859739153557 -0.6090282250667924 -0.31742287105726946 
-0.4776150530752962 -0.6112839262812241 -0.31727083004801826 
-0.4802975845221761 -0.613523091468754 -0.31896193518906213 
-0.4827094596242048 -0.6151172788788217 -0.32045053230991905 
-0.4743640100038652 -0.6138547343368853 -0.3156233834156585 
-0.4770878913935901 -0.6147957727400655 -0.3172391662456447 
-0.477928899449101 -0.6181053567433681 -0.3179677386779872 
-0.4808998501681671 -0.6191645101235381 -0.31973257319696624 
-0.48424433310456116 -0.6216310664123925 -0.3218162434756052 
-0.4879840816191811 -0.623060457285674 -0.3240450830465833 
-0.48073236504530287 -0.6221147921264916 -0.3198620876260451 
-0.4829594668572758 -0.6235346624141654 -0.32123267314384674 
-0.48740318125377285 -0.6256991364194877 -0.3239165222415047 
-0.49011710981640183 -0.6272264480062747 -0.3255712674889664 
-0.4855057528319001 -0.6278094018173366 -0.32300141003244576 
-0.48992200618201437 -0.6300665021302371 -0.325676738455999 
-0.4932197350623471 -0.6314786228463373 -0.3276536801429498 
-0.4944204682827469 -0.635968999288986 -0.3286760200813657 
-0.4900810109883889 -0.6331673383602068 -0.32600279669046955 
-0.49261448893148485 -0.6347561443880025 -0.3275599218639835 
-0.4973465789785256 -0.6396634412768927 -0.33061593209371454 
-0.4969546618926013 -0.6470847947716474 -0.33095838186406773 
-0.49075001996963674 -0.6361548218119869 -0.3266093556743261 
-0.4935695951146558 -0.6379317376169362 -0.32834298303661646 
-0.4957419056007506 -0.6395364194421114 -0.3296965677808472 
-0.49833830854223227 -0.6397010771907661 -0.3311810137418354 
-0.5000172733464432 -0.6524332107289099 -0.33310151446891517 
-0.4935291741645817 -0.6408027481566912 -0.3285384998911144 
-0.49605530485941063 -0.6424657989789595 -0.330097108540203 
-0.4987996226434761 -0.6435905175316776 -0.33173845162506665 
-0.5014456010297158 -0.6452481006075647 -0.3333645867497877 
-0.4939031867350304 -0.6429277341493277 -0.3289122030080176 
-0.4963587006121913 -0.6450301410318763 -0.33046420552034544 
-0.4991351466841777 -0.6473570818537522 -0.33221522963328254 
-0.5016464998452322 -0.6481087030963216 -0.3336961175579365 
-0.5039600412489409 -0.6493793929400252 -0.3351043563457719 
-0.49687178716107505 -0.648188464103629 -0.33099536880895114 
-0.5000629225878533 -0.650624860312609 -0.33298981070644934 
-0.5047449274880362 -0.6529809873848594 -0.3358233296303297 
-0.5050918312490618 -0.6560539899879122 -0.33625379142730455 
-0.5072843863001598 -0.6576398492223264 -0.3376174208958533 
-0.5075327635574844 -0.6603895335217841 -0.3379674286957656 
-0.507042567109607 -0.6623671798179872 -0.33783999596382436 
-0.5121580746297121 -0.6652642212816817 -0.34096042423547634 
-0.5194004884339851 -0.6634824716998905 -0.3449306391191233 
-0.5195023270631702 -0.6642134959923317 -0.34504398980470574 
0.34632473873426806 0.4683523978375169 0.2319669636396798 
0.34696012380856145 0.5489609419773164 0.2384600141661336 
0.1317688920956969 0.15439050781889072 0.08644699563618384 
0.8848312813950219 1.1955601741727995 0.5925772933869399 
0.7154002836692999 1.0999186703982107 0.4892491261327105 
0.49168362585986775 0.8082832358585997 0.3402344697621534 
0.47573847546076425 0.7140897653778231 0.3240286428879486 
0.5268898012761932 0.816242666446903 0.3607986583176083 
-0.06802448274490851 -0.0627889227975113 -0.043340638998020195 
0.30360254967150324 0.41512687100018075 0.20369796788243077 
0.4919198551883562 0.7736412398261839 0.33773276295682597 
0.12616590955379212 0.23010886939031763 0.08903141901752974 
0.7994016063437029 1.1176522183834028 0.5382192485679956 
0.15406056058053227 0.2313274307878679 0.10493779690551183 
0.5688427090378136 0.7819961797380485 0.3819765114810742 
0.36265590079672994 0.4938477815965726 0.24316494627116847 
0.617326843791664 0.8403127875018247 0.4138993322688176 
0.5287558065205622 0.8096427563627058 0.3613543760822513 
0.7480455132116809 1.1150705546294704 0.5089087121560184 
0.5840850988428423 0.8138881292944872 0.3930439242097809 
0.31639114743702523 0.4551965538636418 0.21399648620724981 
0.4120889173785705 0.6244518515727738 0.2811254577998431 
0.7244842312449394 1.0434510147843772 0.4901027146589925 
0.20682820947389696 0.27922675932255275 0.13849640523135268 
-0.09393403632306717 -0.1307728378507852 -0.06320128262608138 
0.1369636595986887 0.222581289104067 0.09458002483493157 
0.5106793479245304 0.8174686002881899 0.35170211330124357 
0.4267415183667873 0.5948840149307032 0.2871825415795846 
0.27485412576824764 0.3942942874622565 0.18581530943525792 
0.20114390464484835 0.34554507066162654 0.14031955333156437 
0.2140014690695263 0.2662569691207941 0.14157620940075852 
0.6174671071473951 0.9143591144756664 0.41961242936343013 
0.5181811090091031 0.7652342514292926 0.3519808273083625 
0.14488777573401201 0.15173561229003815 0.09368219070819699 
0.2438386330398559 0.28856492175058057 0.1601883307970133 
0.4644957388362922 0.7546898144402254 0.32074398544712707 
-0.06525798401049981 -0.14666623047471913 -0.04815383198935159 
0.34811767344344885 0.4876118817038327 0.23444868750849096 
0.8791463869782729 1.1993759393727181 0.5896447984951932 
0.32428299918984255 0.5138747233710913 0.2229347738085614 
0.6560960085911044 1.0264776278207997 0.45004159932432186 
0.6323710165139103 0.9456279214261388 0.4304405453917369 
0.25426641499455327 0.3090187222769236 0.16765607414035455 
0.7137408642844698 1.1065796538778006 0.48881516987401674 
0.37941014972205017 0.5555946028911363 0.2573608558154442 
0.22347308229729498 0.26750091355116784 0.14704037297704672 
0.6563556377919152 0.9191349308905756 0.4420219549307021 
0.08053933908706713 0.1296039824919672 0.05551880894316977 
0.46329830454822446 0.7277137315302843 0.3180127617613153 
0.13825030182369175 0.13504160190058964 0.08864925054256008 
0.10380421701968429 0.2177765456227945 0.07541615745478364 
0.14824269033154475 0.14218406517875493 0.09485741533966202 
0.3646804653602931 0.5758776000400189 0.25055366526862594 
0.6965038985524111 1.0898778724019476 0.47777271442507563 
0.7224595526686418 1.0016796213853996 0.48577686610283743 
0.665762892880702 1.077449090202965 0.45939982448723743 
0.5000296694397628 0.7126866771140395 0.33769273652197546 
0.2781892744549595 0.4430064014788991 0.191412135214422 
0.2604569020649617 0.3994929892922133 0.17804895214657798 
0.2543275448880881 0.3482065311141566 0.1706722097173019 
0.32551784569153047 0.48260533916730125 0.22125578438990384 
0.18220243663360813 0.2498772115310961 0.1223029194104935 
0.2800412998931319 0.4087684524637734 0.18985717486014284 
0.1893734088576667 0.2957730760195112 0.12986003420867123 
0.6530787075459431 0.982032952004893 0.4449496380889874 
0.2863007163097404 0.4153898155850101 0.193909446116267 
0.6178809130900808 0.9979447865477317 0.42620637054500277 
0.6177065910700132 0.8560077715273097 0.4153087168575472 
0.4238702971967785 0.6360415010749143 0.2886861640584027 
0.500282313467059 0.6870746082115369 0.3358873487973778 
0.6294124330287797 1.0177054254046418 0.43424709344693957 
0.18862902067152776 0.23071346859656672 0.12448818080068082 
0.5800557466641204 0.9356554996249603 0.4000239426956733 
0.6335839882412235 0.864954177972884 0.4249903804306651 
0.2754745026159823 0.35130222320255217 0.1828960899131375 
0.3033717782868848 0.38760858529921366 0.20147350018855448 
0.5693800431135568 0.8920889437858963 0.3906571899476218 
0.10293484432834599 0.16959891194957888 0.07125786111561988 
0.6509539057967736 0.9391766507952982 0.44048448724169703 
-0.10994693853148826 -0.15487824100980016 -0.07411308929810215 
0.24273500485970465 0.3518067020095903 0.1643742275144743 
0.11428731926967418 0.17769671978128562 0.07830975253944819 
0.7253041323217108 1.0937990954393528 0.49439809680443253 
0.6070993966111775 0.920683009690564 0.41421603729427936 
0.6144976415608363 0.8946156992382436 0.41642690374435426 
0.1426914628018999 0.19785936741781562 0.0959462661449657 
0.3888160440350604 0.5354197874890677 0.2611581842209161 
0.15444781223038578 0.15856043937951006 0.09962108586190833 
0.6401006546263713 1.0027708333284235 0.4391700677520917 
0.08140204047670893 0.1661808926005264 0.058790718875241156 
0.11020653402498574 0.15695252968279988 0.07441807145006767 
0.6686216704241752 1.0628429867179523 0.45990922569428877 
0.5377637097258327 0.8359990305502177 0.36846625156013885 
0.28427134498204953 0.4222348997150367 0.19327976829992716 
0.6444255110786503 0.932550506055458 0.4362793665616653 
0.3369832845740905 0.5569010412429121 0.23340817347679269 
0.23080399334825122 0.41335733462919827 0.16229334131449905 
0.5667828577855015 0.7883875844439954 0.3812950376224331 
0.6942906663459574 1.0714263179198125 0.4751141897994783 
0.732215045908466 1.0915559280635543 0.4981452764438233 
0.5362678369503243 0.868178860128339 0.3700665317676668 
-0.007276551533155408 -0.055192989287502055 -0.008324310793724976 
0.1704094841469255 0.2666972048866144 0.11689711044601486 
0.22762480894679277 0.3451253687828882 0.15529982649511737 
0.2667136948870052 0.42200288259057445 0.18330856468894252 
0.6761283599102638 0.9551663950549641 0.4559725857678119 
0.2663016077919237 0.45809661129639523 0.1858210270234625 
0.3444399798230554 0.4755168191709838 0.23144356334854962 
0.37750082357531145 0.5625420352519614 0.25680701927088856 
0.5959311983591938 0.9104081875031707 0.4071029823205374 
0.6498020806581873 0.9959704269719687 0.4441524847568366 
0.6392423492069427 1.0355316096040512 0.44117598872653524 
0.8817270017090261 1.1961446367343347 0.5908619230953244 
0.1141842482487419 0.21344700439182357 0.08097126833039776 
0.30482292501313746 0.47041564233792654 0.2085962784547443 
0.10363238612528594 0.21645992431658237 0.07521857437910387 
0.6240692917629693 1.0033891429925377 0.43012882118648255 
0.44634633602945945 0.7280142522420071 0.30842543961642105 
0.40709922135732124 0.662043665334679 0.2811568195512581 
0.37081075262228375 0.617486570140643 0.2571946538644434 
0.6062661294596428 0.844313073578602 0.40793328717184224 
0.21288803317103755 0.3663380906604658 0.1485593509460296 
0.5640318330162057 0.9122559948751022 0.38915959961389446 
0.5774945501163566 0.7825179035447478 0.38692099277295594 
0.3613148377005257 0.4700442804443953 0.24059367429610487 
0.15150116181578882 0.21041157939137276 0.10189553985734953 
0.22144308780124225 0.3838451661834124 0.1547412401630314 
0.26343752003501847 0.38979443124368857 0.17900080061009727 
0.2298039687149287 0.36576586547692347 0.15810557397595087 
-0.049207713275870535 -0.15945357236599544 -0.04002770879269073 
0.5826183755014176 0.8466288372007188 0.39470340208539617 
0.15566510241391054 0.19611571467802852 0.1031684504186609 
0.8655677369137393 1.2322617724382405 0.5844489840773779 
0.142410124999989 0.27568054317687596 0.10170755211771589 
0.2051344235196961 0.2543198673413128 0.13564122426261818 
0.6305120969840333 0.9521544688711739 0.429883263002242 
0.2977349670292708 0.4625999118364379 0.20398343167719363 
0.38896569478683085 0.6186349819087075 0.2675741874054592 
0.7725347076838538 1.1302924676163555 0.5239499143117028 
0.7334858682699887 1.0360304742201605 0.4946412355617128 
0.4397206550299863 0.6344134843318424 0.2975479772676252 
0.374722119817218 0.6037862388797144 0.2583696881258727 
0.2512496538332718 0.35177077109210125 0.1691985062706143 
0.30357037372229234 0.4762704131340303 0.20833164034247237 
0.691874975356661 1.0280258530709618 0.4704427308911718 
0.20384193736673634 0.28899938671477327 0.13754698673103039 
0.7606063017580377 1.0705754243936867 0.5126442372560349 
0.6225556898439756 0.9526701345341424 0.42541195444285346 
0.32053859432934967 0.41442826906358377 0.21324597592992076 
0.315188250520927 0.4902727574471345 0.2159832178885309 
0.48915529223209575 0.6669638797574499 0.3280493035023401 
0.5064561421818202 0.7540050379705046 0.34447952459584313 
0.28389339155498333 0.4850915723028765 0.197847755272788 
0.44836025031826654 0.5831504803193831 0.29854563893169117 
0.3247157577829142 0.4008399215925645 0.2145802118319983 
0.2393838415667489 0.396503364719885 0.1658750346049769 
0.31373391412514734 0.4070148739638084 0.20882433167129555 
0.0053869626130314645 -0.03365108534377867 0.0004936692541641883 
