-0.0021215616877728613 -0.002824084448142743 -0.056264068177697066 
-0.0024091284045524596 -0.001838024927736324 -0.07239742047423224 
-0.002754377816343224 -0.012352409197318278 -0.01906540707660691 
-0.003167519175546402 -0.019576772023628532 0.011457817746672478 
-0.0031249584247466256 -0.015552446925380329 -0.012071523220354957 
-0.0037847012031671044 -0.02166018918286531 0.002932242465692891 
-0.0027987060151264363 -0.009025682028465381 -0.041282464002383876 
-0.0033458897226400267 -0.0189893184247407 0.0016009372359197178 
-0.003668155466456483 -0.021009831609013718 0.0029453871714504925 
-0.002588371857429857 -0.015028281652291791 0.0033402623172409 
-0.0033040096849921664 -0.019159363335118383 0.004114845639990895 
-0.0027947362362759965 -0.010998120511789935 -0.028886145341028194 
-0.0032227942579061623 -0.018545489834414664 0.0031254898201816344 
-0.003309706562765058 -0.005132839425959077 -0.08325461128033083 
-0.002904975442694526 -0.010184061943825418 -0.0377808388611383 
-0.003344389796782381 -0.01371372835282981 -0.03113331468622464 
0.0019838248400456645 0.021347551032766282 -0.06364677107696137 
-0.006402789583770979 -0.023661657078383493 -0.07571972030873647 
-0.0031475016336233374 -0.006240255395489213 -0.07072874484851308 
0.001520479214821544 0.01872450291776587 -0.06346628239275365 
0.0021705307076536093 0.02205283789747735 -0.061533931843483755 
0.004608768769403393 0.03507972901892372 -0.05765963766611618 
0.005535145981451867 0.03995311190520274 -0.05571522351523392 
-0.000591820850148664 0.007133667832018488 -0.06492500741837029 
0.0003660095915515343 0.012147229337635634 -0.06275742212632499 
0.0016339917728929714 0.019021872046566985 -0.061364937798471186 
-0.001211107585254246 0.0035707168631030203 -0.06432888836354272 
0.0010147894311917486 0.015459373436429865 -0.06076869375624616 
0.004563217847181476 0.034528128149692104 -0.055816423011716826 
0.0006651171092696398 0.013505937645493862 -0.0607946636404931 
0.001644577772687473 0.018663854203340977 -0.05877163241657607 
0.002890952289171665 0.025394445128521428 -0.05723569394049561 
0.00521343365696782 0.037860790877596105 -0.05390525126332412 
0.0008367626657258613 0.014095060201414624 -0.05848388312458365 
-0.0030958444093429423 -0.006815897695669587 -0.06535397724823015 
-0.0019236458294528548 -0.0005080213266783144 -0.06377176329706177 
0.003522846087601892 0.028626020417534676 -0.055333763403684684 
0.00582507583713717 0.040964957622554005 -0.051916119411697964 
-0.0012965077446057106 0.002663322051140949 -0.06166097138326983 
-0.0002526142289781379 0.008252004987483285 -0.06007324463200666 
0.0006973073180534759 0.013295629462058646 -0.058367665407005276 
0.0021349024592453645 0.02073630689484199 -0.054591635297400465 
-0.0006466355576712104 0.005994541489954744 -0.05975278555771836 
0.002573371479581596 0.02323028023414392 -0.054835483605327036 
0.0033980028104020985 0.027196570894688073 -0.05079374606946105 
0.00260673842906407 0.023039499749506615 -0.0524889029289691 
0.005967509492114551 0.041023424321316795 -0.04732381216817795 
0.0031990201614046465 0.026030733712529196 -0.05047152661295104 
0.0071742838020429 0.047159793864441836 -0.04347274154851293 
0.006619582703026021 0.04403549135346909 -0.04335559629163154 
0.001884586245941747 0.018500389737083952 -0.049405180780737315 
0.007194623747519837 0.046940855617886454 -0.04140441328740599 
0.0025169657554084198 0.02174484840882771 -0.04756641792449005 
0.006977287027853678 0.045355623091815546 -0.03911434852730163 
0.007553855675724631 0.048282058205968065 -0.03724096587943277 
0.0037036186740942723 0.027761388218865868 -0.04367071539540051 
0.0080370100858573 0.05108140267910564 -0.03782788850098531 
0.008982630276380745 0.056070751896721595 -0.03593465863091431 
0.009537767109424012 0.05885390864406075 -0.033916510111280794 
0.01009474915596794 0.06166293413778615 -0.03199492910544192 
0.007206755705944963 0.04596838666208704 -0.034938663719012546 
0.0031204431358288647 0.006119675749175312 0.07053667605650599 
0.0026436237174408683 0.003470028693796247 0.07041367961287681 
0.0036976149640895865 0.009055960696656798 0.07236983084023055 
0.0019498344738032756 -0.0005101219531306329 0.07101043824462405 
0.0061054332046574546 0.021618032167249324 0.07807446973338016 
0.0005925574611656836 -0.008112278604440226 0.07103245098954716 
0.001538343516564932 -0.0030536792408904835 0.07250107987320223 
0.00591426092942818 0.020282597975384214 0.07972243569796181 
0.006435538516675323 0.022900641851900126 0.08158866106140215 
0.0014851162236761972 -0.0036749697117831456 0.07451031524551062 
0.0010529882035004978 -0.006144591340119338 0.07482344494012168 
0.002005870554083296 -0.001062900279181977 0.07639546468482056 
0.003125912645505022 0.004642692535861189 0.07990604715916308 
0.005242261179231216 0.015922419393668345 0.08343908746838596 
0.007522762010597131 0.028116580626451424 0.08700046751442862 
0.004449515513371221 0.011440488682286701 0.08371131144365107 
0.002711587163803659 0.0022719416403880186 0.0802241204189769 
0.004189043602314366 0.010018267359969248 0.08348751019380186 
0.005379954664013078 0.016436035754535637 0.08503783266209658 
0.006347938992953161 0.021579756737689925 0.086749792163236 
0.005553837280496758 0.017081182786612734 0.08707826897191248 
0.00588264275664348 0.018951666554597832 0.0868937488250879 
0.004882489858194065 0.013335502661874771 0.08699866682119142 
0.00817220539736824 0.03035941309119424 0.09565777993999997 
-0.003024232446208965 -0.01141228872676516 -0.03429700722964608 
-0.004314123827150916 -0.028245838102830774 0.025440275839859854 
-0.010328876148026005 -0.057778024933962516 -0.0002947135240287241 
-0.003594411190756546 -0.01896268380846671 -0.007211342749030309 
-0.0029635104177226854 -0.014101104596664912 -0.015474018425988372 
-0.002265858888042425 -0.011947225483333811 -0.004586588454182283 
-0.0033706131853970065 -0.02058511893171307 0.010658229891621665 
-0.0034220716460283723 -0.019917096738304173 0.004716260500647155 
-0.0029855691391508605 -0.014259329134446466 -0.015258177760257624 
-0.0027960535493188835 -0.0073429083479441435 -0.05164818394686239 
-0.002840275900787632 -0.007026197923027872 -0.05515507649616676 
-0.0033144306475044413 -0.020865953876037697 0.014358293666033974 
-0.003327039220563727 -0.013642568377900965 -0.030971880894578058 
-0.0029692507018154245 -0.013045830466517616 -0.022231996787400694 
-0.00227596707191711 -0.005367289088431695 -0.04583089646563853 
-0.0141889598072989 -0.08483049208138113 0.03352638757771117 
-0.00190532964427537 -0.006259890352505559 -0.027388102310841413 
-0.002348668146029191 -0.0020582190558150392 -0.0689253900202402 
-0.004160038252929824 -0.025422845771045692 0.01325716834612011 
-0.0032460445689033632 -0.01668748803036438 -0.009230457552025867 
0.007778175268736625 0.037260998758640494 0.03905679261060098 
-0.0019483540129253095 -0.007271052333379071 -0.022600927455214574 
-0.003243467956177021 -0.017388514958223727 -0.00478410756915052 
-0.0030307978562002054 -0.013568217362728016 -0.021126892859589144 
-0.0033460306469849373 -0.019351080560253024 0.003844292925589554 
-0.0025967326937102837 -0.006870178479549435 -0.047651152160571475 
-0.003075282730505127 -0.013637357684795915 -0.02224495592989128 
-0.013773667722402577 -0.08244750698899186 0.033165912735495545 
-0.00306937362888355 -0.01681604195927385 -0.002284654784995695 
-0.0028875603391361315 -0.015253622359045668 -0.005668901934807839 
-0.0029332221166076815 -0.008689092564068024 -0.048054470229208626 
-0.0025944059009755556 -0.008774384405318412 -0.03573604538896337 
-0.0024984130152939533 -0.004035702863509003 -0.06184587584416953 
-0.0036122148960405277 -0.022485535024963324 0.014062833157149237 
-0.0026052241886383057 -0.01018053454541753 -0.02737358140352256 
-0.0028704787245834086 -0.012311490965209625 -0.023359176707102337 
-0.0032052923809724613 -0.015550810631378803 -0.01487673400542217 
-0.003134206906837803 -0.01678762876677247 -0.00471696543933982 
-0.0031493337378023607 -0.015349947602365984 -0.014178089445090733 
0.006466054731130277 0.03014476941208164 0.03763001113749253 
-0.002605622557308541 -0.009433014972462347 -0.0320330840795738 
-0.0027163229717808548 -0.008007864699685962 -0.044741602441212794 
-0.003289702225796859 -0.017228078967185444 -0.007389794838865967 
-0.0038542040901648773 -0.02597213773865341 0.02731169760525761 
-0.005816615252275583 -0.018464029956837723 -0.08762700473567203 
-0.003031990860318353 -0.016033298907326493 -0.005848551561250952 
-0.0035195660543350014 -0.02192445007034317 0.013799344880578249 
-0.0031931203761847997 -0.015629166799806863 -0.013966272645322835 
-0.0036536462783131906 -0.02035609995078516 -0.0006125723423719489 
-0.0020144272605422493 -0.0036516509410114864 -0.04739345026877664 
-0.0031477664616049155 -0.016585408048792494 -0.006445489910350639 
-0.00208378213351776 -0.003252072207324227 -0.052289778374956325 
-0.0070523360172891165 -0.02470105257324656 -0.09185966996732048 
-0.003575979160327179 -0.023299289456946863 0.02038085010026785 
-0.0030691743260887047 -0.014422328549342814 -0.01715403507154498 
-0.002382129216674984 -0.002806973323426469 -0.06543627804508617 
-0.003207905679520423 -0.01406470207487594 -0.024203441249884453 
-0.0036459639941463385 -0.019792714626162434 -0.0038465795426515024 
-0.003663138409918922 -0.024237134006439582 0.02317680074637583 
-0.002954697512681709 -0.01302316592191407 -0.021866505213295376 
-0.0030078726391620605 -0.013817819531554771 -0.018778047406544544 
-0.0037217073141771126 -0.024231312924581225 0.021102849235929286 
-0.003504330848462733 -0.02090283274238829 0.007980330508515496 
-0.0034220909913465353 -0.026430907243726088 0.045197248186095294 
-0.0028402429051940887 -0.01025183148632124 -0.03510744363133972 
-0.0022693864992231654 -0.005559479412472234 -0.04440752650451819 
-0.0023543863859566815 -0.002694076204135366 -0.06517265447443925 
-0.003975069260598072 -0.022794915466058968 0.0033608412547871972 
-0.0022637747485329653 -0.0016086562147685 -0.06876563044047163 
-0.0025656667207332837 -0.00552102225743001 -0.054954940317496204 
-0.0023422726642658874 -0.0036339267671211786 -0.058910254353757144 
-0.0022974303210577516 -0.0027202055891927574 -0.06302860723542962 
-0.002782138155267334 -0.007629987073495128 -0.04937990809665065 
-0.00236736563666838 -0.0042034675967645724 -0.056243758508772924 
-0.002912120765962568 -0.009787642957203536 -0.04049308679475942 
-0.0029873766406311396 -0.010017379036694385 -0.04168369707903719 
-0.0027980916092499616 -0.008814139785531735 -0.042575767869450616 
-0.002423071492636677 -0.0052081854324863355 -0.051937856555577123 
-0.0022367247079462787 -0.00404270949920666 -0.052697467785589536 
-0.0029873727696398417 -0.011128529762254204 -0.03477804577283996 
-0.0027863221545590205 -0.00916971682975981 -0.039956455741544786 
-0.002606970344457429 -0.007661043783543717 -0.04309232356917877 
-0.0024033201592320334 -0.006193940913386603 -0.04512443540840774 
-0.0035312057694677976 -0.017229614059264015 -0.015782834216252758 
-0.0032748344292554106 -0.014131860133472906 -0.02611470839141556 
-0.0031319330329209103 -0.01282827786291273 -0.029244200891819783 
-0.003038441750631668 -0.011980054403451321 -0.03126287044291011 
-0.002766070121174655 -0.010149801135224418 -0.03316085875034341 
-0.002792362670956166 -0.00992261958207712 -0.03548752469652084 
-0.00368556495684864 -0.019359987793003568 -0.0079136933368177 
-0.0033846055775174854 -0.016377561442919124 -0.0159774944032321 
-0.0032829113262167176 -0.01491160845574597 -0.021549790358301433 
-0.0030617768656971056 -0.01282605685134891 -0.026817075841124874 
-0.0038578944555261096 -0.02158990213175881 -5.117022188866331e-05 
-0.003725374638491045 -0.020299033501070648 -0.0034628547140029015 
-0.0036735273261797874 -0.01961014109117675 -0.005940232149832698 
-0.0035309933503286273 -0.018620596020723836 -0.0071308476175094655 
-0.003425300911753749 -0.017320570414583226 -0.011532839429736005 
-0.0033250337284953095 -0.01660108102857697 -0.012515707319755959 
-0.0031012059476850577 -0.014478788475380847 -0.017917620271749316 
-0.00209906268881711 -0.0047310754393323435 -0.04362980581298963 
-0.0021242880347098446 -0.004377134667646504 -0.04670711678457255 
-0.0038088266249416713 -0.02162542177236401 0.0018767814473212865 
-0.0037308325931042666 -0.020424097156227918 -0.0028755136023816247 
-0.0033703345721596213 -0.017377173807974728 -0.009268632123059832 
-0.0032521842409808737 -0.016562119068214087 -0.01022320973823097 
-0.00320633690664198 -0.015931652914906506 -0.012546238893835304 
-0.0022596683191316307 -0.0067989751225852445 -0.036366256238292004 
-0.004153808493612107 -0.025388997619229803 0.013263561411700948 
-0.004139217186269697 -0.02512065716174352 0.01210356646930723 
-0.0032132078258587673 -0.017212845600396598 -0.004823013502528032 
-0.002346285537496435 -0.0077980777838957335 -0.0331707433738193 
-0.0021969668519881023 -0.0066174606685860254 -0.03531276366059004 
-0.002021181943002245 -0.005131698705873097 -0.0384303473881038 
-0.0036165403998195574 -0.021219205765713216 0.00604242546756267 
-0.0026107642431268236 -0.01128005353858479 -0.020733106906931108 
-0.0024697612574569733 -0.009650688044170347 -0.02595330952733275 
-0.0021384787134192244 -0.006583820730607059 -0.033486862325055655 
-0.001907844735022795 -0.00478411612542714 -0.03664716742748367 
-0.004152755686499395 -0.026320166376513097 0.01908716637411479 
-0.004107431609000593 -0.02569567466712023 0.01678306129438001 
-0.003814381907066568 -0.023944544586419533 0.01609625091275741 
-0.0037828728376993167 -0.023365688511694325 0.013595097057939522 
-0.002752982241582796 -0.01324295895476067 -0.013482312935601292 
-0.0027407357997366595 -0.012992222889937425 -0.014614485483646845 
-0.0026244644439038056 -0.012192370219860214 -0.015539960911966196 
-0.002647241395905934 -0.011802710868459234 -0.01875406726148793 
-0.002285015130884259 -0.00892114222930538 -0.024059418281915507 
-0.0021303391624396713 -0.006247985744223251 -0.03529079298209068 
-0.0028768493081400242 -0.01531998194969258 -0.004883827566351162 
-0.002879151281833939 -0.015132310163834374 -0.006130251619944755 
-0.0027498923276296156 -0.014071604853778463 -0.00822498461918104 
-0.0024842760598326723 -0.011541350703849675 -0.01470833658680238 
-0.002439241304031555 -0.010357702152003037 -0.020497524261553306 
-0.002160170713456032 -0.008103396482059834 -0.024797813950191996 
-0.0020796847544561937 -0.007498635664010336 -0.02575591700812688 
-0.0021956884133013423 -0.007744023724421868 -0.02826698292375042 
-0.0019064374437674338 -0.00581195404811316 -0.030210454919993857 
-0.0018987202339157325 -0.0056095574420652 -0.03119979470706577 
-0.0018866343250655132 -0.0053593913875475095 -0.03233401017648267 
-0.0032207741508627884 -0.019186676962402713 0.007180588422921879 
-0.0030447323852472816 -0.017038797950277143 -4.294610273813942e-05 
-0.0029450034477723802 -0.01631807080089073 -0.001052233441484222 
-0.002976042081249517 -0.01612943530860063 -0.003304474955100509 
-0.002774793080226276 -0.01466957342288278 -0.00537512980702252 
-0.002359973672146593 -0.010726124931110886 -0.015449929981556467 
-0.002381556170119297 -0.010647510537773795 -0.01668941335903296 
-0.002254442621771535 -0.009387493624525185 -0.020097461459403797 
-0.0023514000258066997 -0.009744009140727419 -0.02125522660719015 
-0.002081838433573397 -0.007372976839647333 -0.02661178683882926 
-0.001980577599472541 -0.006634833033627791 -0.0276760152874489 
-0.0020026607974250286 -0.006561889815726339 -0.028897674508957433 
-0.0020318542174016375 -0.0063473855770500255 -0.03124648353636818 
-0.0019296879098212208 -0.0055947974476824695 -0.03236897580873649 
-0.0034288265264723443 -0.021694281028292604 0.01552598374747915 
-0.0033685482459471106 -0.020997717046618364 0.013294266281003471 
-0.0032118461470675296 -0.019724033899501826 0.010830753963031238 
-0.003198177161978449 -0.019237139618823836 0.008280412938316562 
-0.0030360706672989627 -0.01746573564005428 0.0029117273254756445 
-0.0026674630209819706 -0.013723283563213416 -0.007521767353009806 
-0.0024996588833075505 -0.012652859408793316 -0.0083358064007679 
-0.0024703218949421175 -0.011533806299184787 -0.014269718941501513 
-0.0022543329209824933 -0.009456533176363437 -0.019664581565792334 
-0.0018951511460801639 -0.006365880392149228 -0.02637526316795144 
-0.0018820528134854684 -0.006100514387026169 -0.027568717393621045 
-0.003590280263576961 -0.023773052913958325 0.022827593277552162 
-0.003471961831485485 -0.02294991268811817 0.021828615139255162 
-0.0034942460160516894 -0.022658780131620565 0.019243972285621684 
-0.003309413679919304 -0.020839113676122293 0.014366042958825601 
-0.003177269002184113 -0.019413341243777704 0.010102913818484778 
-0.0031094135615002162 -0.018842000430739945 0.008913056675000742 
-0.003078936564923478 -0.018490497985185095 0.007788938602396495 
-0.0029413749406295444 -0.016998252455905312 0.003301166850478014 
-0.0026757502403586745 -0.01455805734052469 -0.0026221979385349925 
-0.0025567821083671382 -0.013725121597688324 -0.003659447835843649 
-0.002316542452728043 -0.0114707591638713 -0.009311126460415072 
-0.002296739334026123 -0.011018196503305648 -0.011434681716903894 
-0.002020043166200707 -0.007772071744245024 -0.02198148529829728 
-0.001867604492458377 -0.006208106439615085 -0.02639736314642224 
-0.0036204150563028414 -0.024548131340694244 0.026596033601278147 
-0.003358628010310422 -0.02194143883397549 0.019504407590793756 
-0.003364955746046941 -0.021792912438974 0.01836119464446558 
-0.0033179666370894796 -0.02135527567206549 0.017276276155525953 
-0.003080596335197773 -0.019249937643466022 0.012450913175106557 
-0.0029585165027824875 -0.01804768910231538 0.009226743713926056 
-0.0027121463140623017 -0.01571990598701666 0.003332072681309173 
-0.0026132727232038642 -0.015010150901890184 0.002361214020006581 
-0.0023741227723075406 -0.011984534382465193 -0.008121524689810287 
-0.0024012152052042997 -0.01173951259105082 -0.010586893295752532 
-0.002181750638393274 -0.010171672117306624 -0.012694837196828842 
-0.0021179684765912942 -0.009420586045604633 -0.01514348569254395 
-0.002128927557878792 -0.009101557688309742 -0.017507461966762027 
-0.001962919861976126 -0.007820097305549965 -0.019695540221744638 
-0.0017442887473384577 -0.005925394803456766 -0.023863845869781262 
-0.0018728977879155647 -0.006423165624413714 -0.025244993962366954 
-0.003829531035269624 -0.027290246926716676 0.0363618521275122 
-0.003745177923094793 -0.026417367050984273 0.033872006937218084 
-0.00354041503469298 -0.024471432072041818 0.028902790452864004 
-0.0035121609644044633 -0.024143990599187485 0.027850863366699556 
-0.003184996849505354 -0.020987251444556376 0.019615488541478515 
-0.0031234477919324507 -0.020490104729937814 0.018667312082502042 
-0.0032359164176795044 -0.02091400028563335 0.017388618070383416 
-0.0028749357418808353 -0.017355564343612243 0.007833372944195928 
-0.0027249096616924983 -0.016154163976444303 0.005586802307611123 
-0.0025680072386158174 -0.014761139343794224 0.0023885831172618093 
-0.002625879289269447 -0.01487963010188061 0.0011114432659572924 
-0.0025513016447106453 -0.013891114387170295 -0.002437164680712985 
-0.0022874294767256807 -0.011462300268391621 -0.00835077496601629 
-0.0022561193623022615 -0.011092713413129056 -0.00955829651859161 
-0.0020737378582448853 -0.009732801064768965 -0.01166424330875335 
-0.002005711523197271 -0.008819501817561755 -0.014973338479684887 
-0.003942609789833276 -0.02847270674283044 0.03977621225897427 
-0.003838614305679452 -0.027700973188940693 0.03859837822363019 
-0.003616908885522468 -0.02588650542725502 0.035035674532478994 
-0.003341041389168145 -0.022992238164144963 0.026646743213310165 
-0.003011905075890749 -0.019245254604016555 0.014811769135913002 
-0.002827812369309828 -0.017870810058125627 0.012675045959596006 
-0.0027041510226961953 -0.016640260670264712 0.009330019273504984 
-0.0025338519087932053 -0.014524576802821858 0.0021067664946791097 
-0.0023788575953325765 -0.013484688194311114 0.0010368086376533778 
-0.002425255512486451 -0.013129529877417973 -0.0027847216715697768 
-0.0021069716933887752 -0.009713710660566073 -0.012939182775264952 
-0.0018431622380921556 -0.007500653780059574 -0.01751409913955919 
-0.0038396016054659775 -0.027897175089643633 0.03978337178461673 
-0.0033498880560545166 -0.024059510162193005 0.03297176467367445 
-0.003319927594244606 -0.023480445900130147 0.030415436626460377 
-0.003359441442872745 -0.0232713254425037 0.027741010016717717 
-0.003106897178438903 -0.021315558949626966 0.024373140084029528 
-0.002968197500657271 -0.019010305094992828 0.014872326262762737 
-0.002770385863324023 -0.01713066646442 0.010073271224265018 
-0.0026313526587956365 -0.016167537580273037 0.008925024010490676 
-0.002569587776565068 -0.01543933593400789 0.006548409582783526 
-0.002252502264518814 -0.012373462894635949 -0.0014729182618072154 
-0.002272736465012189 -0.012270893192461328 -0.002814366719358857 
-0.002099579234874544 -0.010563181491637583 -0.007402735365209828 
-0.0020225049936900157 -0.009765018615255937 -0.009681485732401365 
-0.0019737397476027735 -0.009301762054107487 -0.010863827920366569 
-0.001958894897959243 -0.00901094822260449 -0.012154667673903073 
-0.0031618827467589355 -0.022579820672572692 0.03031710150342456 
-0.0030470054623160285 -0.021340661439764482 0.02661294490080041 
-0.0029813729479205154 -0.020793381599427195 0.025495278743756126 
-0.002975396370425569 -0.02038290024227423 0.023152184187769168 
-0.002895299298897911 -0.01932373277273544 0.01935652992134498 
-0.002664547144311623 -0.0172794586267564 0.01468039956069966 
-0.0026877545272755952 -0.016985380395039957 0.012045329453053316 
-0.0022704471268916587 -0.01318579696170397 0.0029511778670847704 
-0.002346670985587896 -0.013405778289007322 0.001666265446168099 
-0.0024040538693371667 -0.013515043540403088 0.00034881091448055694 
-0.0022132822362507213 -0.01228016662464951 -0.0006881568371643967 
-0.0036156645848950614 -0.02741226695924817 0.04456118360114853 
-0.003564244612304449 -0.026919296039643777 0.043286539614733624 
-0.0035476086365875486 -0.026610074621195794 0.04194361968676736 
-0.003395830900257475 -0.025612901405398854 0.04102721337478107 
-0.0033288061485961798 -0.024822454548543944 0.03844676641430547 
-0.0029783784045107043 -0.02091486595822991 0.02635446134827577 
-0.0028995645192503184 -0.01986833503835339 0.02259269437824545 
-0.002798498308080972 -0.0191275101798635 0.02150503240374088 
-0.0028019496336709137 -0.018941369557278286 0.02022813498971263 
-0.0024606915970877053 -0.01512756131867024 0.008399611131651257 
-0.002234379586991697 -0.012898107703073388 0.002418152917914422 
-0.0034361688215892756 -0.026364402220358452 0.04429412968626606 
-0.003207530718898562 -0.02411388974269071 0.038262727275834026 
-0.0031372939873815097 -0.022490497929341546 0.03061749486261412 
-0.0028792089433530986 -0.020686800175057047 0.028387472241007686 
-0.002935059930476578 -0.020778648769819653 0.02701507659944654 
-0.002665488139362081 -0.017922954225633073 0.01864681974495093 
-0.00255100220151606 -0.016908207727482114 0.01632371466509035 
-0.002612618897142661 -0.016838297730519276 0.013745425859800334 
-0.0024496494995168844 -0.01536158887001087 0.010238217576432392 
-0.003677160131471444 -0.028573430563480887 0.049637916430026054 
-0.003613800670227295 -0.028053683954932164 0.04861227640572672 
-0.0033637328534424555 -0.02588966795004906 0.04386402669806341 
-0.003131948933216484 -0.02337067193010284 0.03627351970507607 
-0.003030867405013163 -0.022629643664980978 0.03518512653273797 
-0.003041668840178898 -0.02184341102857102 0.029923080501274298 
-0.0028876984835379815 -0.020815168039410678 0.028889870876086122 
-0.0028638647708509363 -0.020305766720942482 0.02655331351466881 
-0.002699882949480903 -0.0188138579098287 0.022986866475048287 
-0.0026220391102188146 -0.01777174261232753 0.019218790868301777 
-0.0035543831111253805 -0.027840440300331594 0.04935432385491887 
-0.00335280389321315 -0.02590871168005504 0.04436262749829762 
-0.0032490102718173994 -0.025134396935542022 0.04316172865913672 
-0.0029700986103172408 -0.02216266617900711 0.03439729657362424 
-0.002925492960643684 -0.021749660395104696 0.03338252614975303 
-0.00289388400899861 -0.02137182117378318 0.03213411563739282 
-0.0027787258143921138 -0.02034697589015697 0.02977163887861903 
-0.0033236526451229952 -0.025586240561611878 0.04337280519889807 
-0.0028732702306975572 -0.021948447050610293 0.036434908138455686 
-0.003363160091159804 -0.0271099863924913 0.051467920660184935 
-0.0034212377885299563 -0.027229653697841347 0.050190937727312056 
-0.003156044211937911 -0.02498913781063728 0.045493528109962676 
-0.0030224983854726835 -0.023859298259934065 0.043118295747821 
-0.0030087465690197936 -0.02358037899992775 0.04186334804089108 
-0.0033629848049343855 -0.027818651830045307 0.05587819319684176 
-0.003300592451573773 -0.027073542321336106 0.05341833220759523 
-0.0032480175014406925 -0.017849276757863783 -0.0020788825477372525 
-0.0024227192053078946 -0.0025028555429755027 -0.06873853054070253 
-0.002215539508683546 -0.011223041450777413 -0.007336455303113335 
-0.0029829375971793825 -0.015597808884870218 -0.0068483109226921595 
-0.0032318588387359715 -0.01993668449700392 0.011456025686086007 
-0.0027339617674878376 -0.0025447292392120997 -0.07930729014896286 
-0.0021974047402219133 -0.005419602101285868 -0.04277238261913253 
-0.0020638522227252065 -0.002533489001026645 -0.05606217160957401 
-0.0027384741865522527 -0.012370599437399491 -0.018399027915332204 
-0.0038807917693979813 -0.022764098556979365 0.006449498050582202 
-0.0028186724801753534 -0.012165991775559671 -0.02246093358737759 
-0.002471925680094075 -0.004408839288369281 -0.058605360698069583 
-0.003359775094691187 -0.019989996830942224 0.007336786053193241 
-0.0028189363917121794 -0.0125352328601934 -0.020175377214385014 
-0.004347559738780051 -0.028777305480107367 0.02757988090234177 
-0.003261634451712781 -0.01815603517976527 -0.0006462292241973278 
-0.003367638177411004 -0.019500114105501738 0.004018712120372739 
-0.0022642855820338105 -0.003006448665934854 -0.06009648236560075 
-0.003468670918894593 -0.020146690152143334 0.004521806418110277 
-0.003266242455011271 -0.01696251670911499 -0.008223965490360094 
-0.0026856707491270874 -0.010870158198528814 -0.02588670681886938 
-0.0027342759444824137 -0.007002383181741311 -0.05161504587897364 
-0.0030026559928826866 -0.009596357662454407 -0.04483184801653879 
-0.00288254142913978 -0.01251118794566282 -0.022537806240092342 
-0.0033193714333041675 -0.020026775007694144 0.00897110867182227 
-0.0038992538853985415 -0.025699154865650543 0.024047771501448233 
-0.0029470319757016468 -0.020922877483892648 0.027494880314917983 
-0.0031695541292341366 -0.018927975163090267 0.007354910052862023 
-0.002559843176785912 -0.013795949983114853 -0.003325770674896804 
-0.0029704415456643664 -0.016900045014459096 0.0016795248189148155 
-0.002882362626464471 -0.0149483186924593 -0.0073854430060662215 
-0.0025331518192819396 -0.005339133577907223 -0.0549540479840472 
-0.003205243171399375 -0.020229501138613718 0.014201839022138322 
-0.003072172422186797 -0.01104842300391211 -0.03822630434534785 
-0.0037059112055559586 -0.024076133983003796 0.020688042461610486 
-0.0029205458229137815 -0.01353815462107392 -0.017477750383880063 
-0.0031423181106906635 -0.004872611125836271 -0.07904795385789701 
-0.002773429871790718 -0.011960033677601343 -0.02216679421014459 
-0.0031969372209821227 -0.013397825551556676 -0.02796628455206542 
-0.004713974978808558 -0.030790095156525997 0.027340247524945127 
-0.0038949735153968484 -0.02124215213540556 -0.0035024307719395235 
-0.002104567817935464 -0.004800540044680556 -0.0433896398606544 
-0.0031620045087852808 -0.018859982263183573 0.007195023908555849 
-0.0023968419888299405 -0.0074046980552587415 -0.03737449691231217 
-0.003538271009669938 -0.01899951922229778 -0.005029147154206661 
-0.006746833275195228 -0.023665248980758214 -0.08766763390445795 
-0.002840711471166423 -0.015260494693055716 -0.00399618980213301 
-0.0034654965072751696 -0.01974308590270185 0.0021239561819311704 
-0.003075255394427897 -0.018153854552446537 0.0058248642089264524 
-0.0029895460009827517 -0.014463787927044312 -0.014125884908478681 
-0.003243734176245194 -0.01900412173235661 0.005247211410236132 
-0.0025398436582219418 -0.007600622178712344 -0.0411323043351076 
-0.002345432197139965 -0.0029038511167331876 -0.0635574161051258 
-0.0032502640468231067 -0.019709489993711478 0.009403701799710588 
-0.0037860617614980455 -0.022182977109372184 0.0061338976685471145 
-0.0020755253759075186 -0.0035889015434235447 -0.04990919493768524 
-0.006885243083348522 -0.029502008559809254 -0.05620933286605654 
-0.00439819157277604 -0.01623793229525825 -0.05211072791923678 
-0.0017045724923433864 -0.0016273714280317544 -0.049193119310685464 
0.0038129414875027407 0.02791558164403065 -0.040825343406633026 
-0.011058487978722114 -0.0711943772351683 0.05769924955900254 
-0.006707268915011483 -0.028845804250917078 -0.05409525823212703 
-0.007797102572496561 -0.053835413245820356 0.06329040670806951 
0.0003891967422182847 0.009110863695605672 -0.04308044340800003 
-0.011427538345955682 -0.07353967459567824 0.05943438271224061 
-0.008983854591122449 -0.041301652244193236 -0.05589410307982787 
-0.007615594054418366 -0.05327496946680598 0.06612257831355929 
-0.0030434341835594574 -0.009668306768083567 -0.045803489391059 
-0.007210999104849935 -0.05114594869659966 0.06696824349076883 
-0.00416722098382121 -0.01584395081398655 -0.046523112916392655 
-0.01078457164145923 -0.05138329835033939 -0.05589121116394831 
-0.00802941663108908 -0.03680318646023841 -0.05064336392501922 
-0.012078592702901965 -0.07783437690811472 0.06347286472330523 
-0.006744482944639515 -0.049041669201430646 0.07012208038121377 
-0.00894523763785171 -0.0611931808520057 0.06907023393926631 
-0.009879474514733824 -0.04697364852713235 -0.05180520834567232 
-0.009896441366093483 -0.06663917447426998 0.06982066506568138 
-0.0020655411826656952 -0.008171953891944516 -0.021079322826885395 
-0.003694976902601207 -0.02000157189165323 -0.0042538805572099395 
-0.00318762866803089 -0.022958882921554104 0.03177710394272776 
-0.0024854063417793486 -0.006521429822113788 -0.045945182340625196 
-0.0025597175925106113 -0.008235245515399746 -0.03787975256676004 
-0.003995674699107168 -0.023472207628635555 0.0068531177615048745 
-0.002283124662412191 -0.00529361621908733 -0.04653778691215127 
-0.002596231375419736 -0.005683461537611241 -0.05500885117092022 
-0.0029907440207727386 -0.011149726354322848 -0.034763609590280665 
-0.0027409454895988812 -0.010289532986433403 -0.03141830538177002 
-0.00235884305007583 -0.0021291386908431106 -0.06883865588194053 
-0.0030240625370285194 -0.01508246143650632 -0.011481914039903496 
-0.002576596847780668 -0.007423826078848814 -0.043509792353501955 
-0.0028443237291321333 -0.013711428784280255 -0.013748917410200418 
0.004435996406720804 0.020828268674820738 0.024898300517491583 
-0.003591137044492746 -0.02243030451238044 0.014452946738804753 
-0.0019204475798273377 -0.002233647747692101 -0.05293616191410652 
-0.0029140774142641167 -0.009682258590509633 -0.041216100823981965 
-0.003708310112575366 -0.019677985008947303 -0.006728789433349915 
-0.002336906067953032 -0.002059178376113334 -0.0685101926999771 
-0.00335627658597612 -0.015926043315206972 -0.017797919341014788 
-0.0031148992930313943 -0.016162583433706964 -0.007929696236769866 
-0.0026881324215413628 -0.004712335869319173 -0.06424164084362945 
-0.0030620398540248655 -0.01698864397626775 -0.0009568151286027017 
-0.0031368545695109615 -0.018712872325724612 0.007155809693064282 
-0.0025868775431420327 -0.005579033076462625 -0.05533240143389561 
-0.0031763782613011605 -0.01679859063398315 -0.006116098891159697 
-0.002114995005236406 -0.0023408357483212473 -0.05903886170064382 
-0.013957637602348335 -0.0777983759716036 -0.00212806700620475 
-0.003008617946210191 -0.020046443007547026 0.019905317847180318 
-0.0014708331237555802 0.006331547307426427 -0.09052331454180462 
-0.006264979314041013 -0.019467674099893174 -0.09698944594071472 
-0.0024374706985359823 0.0013770444014559232 -0.09336435851609755 
-0.005123321433934669 -0.019661622327657252 -0.056062656411404094 
-0.007165177799537954 -0.024100830075992417 -0.09951597802847637 
-0.001864065602471483 0.0041107847714682445 -0.09040349624229103 
-0.0036155244263463998 -0.020218672598431794 -0.00014028287610438181 
-0.0041999487904358325 -0.02574962488066973 0.013899418119330263 
-0.006269999705857723 -0.025146856165396463 -0.06186946014173424 
-0.004078498695488208 -0.024944748474730532 0.01312290419068926 
-0.0029820318416274917 -0.011672894349598987 -0.031209133822029667 
-0.002832932908211947 -0.01229999632261702 -0.022124289645180973 
-0.0027932381855768668 -0.012590750186102506 -0.018936239256746555 
-0.002256088913589131 -0.003660590875088078 -0.05574597151800197 
-0.0022387883999283246 -0.0028923296694010952 -0.059918584805835604 
-0.0020015758245196295 -0.008216341059856492 -0.01857793535712962 
-0.002838033603065996 -0.014511498226375102 -0.0085578401655718 
-0.003326652709646498 -0.018099094385955854 -0.0032622675677838257 
-0.0030976612253034506 -0.016430793514860716 -0.00566307911646379 
-0.0039021306037357473 -0.02339088057902791 0.009602350116010223 
-0.003964286392482176 -0.02327517782118106 0.006720714504713593 
-0.0028017913205320762 -0.011184898626693987 -0.027970833278555256 
-0.0031817235762846463 -0.019217769287136966 0.00873249727913087 
-0.0027623907534548558 -0.012289708392233822 -0.019733868845676225 
-0.0030222771320941827 -0.010784212645628018 -0.03813230808828399 
-0.003327763272734074 -0.019578144280116637 0.005891008404217475 
-0.0032990871867108885 -0.012362914295777409 -0.03795207368438548 
-0.003390045798304953 -0.018613156079299583 -0.0022731278238706564 
-0.003418349813047964 -0.00635916114856526 -0.07941333713245599 
-0.003014944444887628 -0.015746326769925028 -0.007038917578442902 
-0.002266636357319244 -0.0017078124778089202 -0.06824896303441852 
-0.003074711286673312 -0.014113457105900826 -0.019266238081692342 
-0.0031176819276212183 -0.012963327410988938 -0.02790906703946814 
-0.0029821357312588026 -0.014481190998374431 -0.013759905404327 
-0.0027530356150468754 -0.007131212817338288 -0.051467103837436676 
-0.002453106817028594 -0.006999032580923941 -0.0418532135060901 
-0.0030539765274509 -0.017811406359513515 0.004436987496529422 
-0.0023511436723814847 -0.003258837576729715 -0.06154998444996246 
-0.0029766981411291876 -0.012611653303511564 -0.025189413555019167 
-0.013123282046344551 -0.07493138429573534 0.009083864449133991 
-0.01411146478702127 -0.08036732071928727 0.008485190034868946 
-0.00230884675204144 -0.003108519320679238 -0.06101254640824361 
-0.008884765331329628 -0.05223944921145388 0.01552908907305798 
-0.013492110208009977 -0.07706891065007326 0.009535485265117735 
-0.015641417176686854 -0.0885489942646294 0.0061008952199446825 
-0.010564157648228698 -0.061289281402295996 0.013340746999319975 
-0.01214396985573348 -0.06982418340412631 0.011416914742773338 
-0.012830465231561675 -0.07348620609877465 0.01029036372239375 
-0.01372530242678878 -0.07838005639384474 0.009570514120515405 
-0.014561237729850232 -0.08291023773399311 0.00863991584132204 
-0.015732584398051707 -0.088948700303961 0.005413004639972149 
-0.009272164031283047 -0.054371333072172436 0.015299522592419715 
-0.014148727163547557 -0.08082298754579183 0.010020580775685026 
-0.003535166759848005 -0.023666443534706906 0.02408259533408639 
-0.013382665243158565 -0.07654950061998822 0.010115379761868288 
-0.014273636161354807 -0.08139084000534831 0.009203706855938784 
-0.015127301319167407 -0.0860161165507926 0.008247229945336056 
-0.0022254505279776533 -0.016653499861134555 0.026067618280663608 
-0.005148318556840312 -0.03225273166185179 0.021318137669205848 
-0.006039205081632191 -0.037093618688433555 0.020406589750673877 
-0.01059516996034974 -0.06166039072215758 0.014568091648587201 
-0.011393883896431936 -0.06597496158116849 0.013592564377323193 
-0.012090671626212869 -0.06963155228986467 0.012074155354968056 
-0.011210792776900402 -0.045501400807369155 -0.10727511307172814 
-0.012869644548016639 -0.05337546071489661 -0.11605591548442848 
0.00017467293068587576 -0.003688180982111277 0.028998455157652644 
-0.0014518048909607098 -0.012422389276714123 0.02668963393582586 
-0.0038208797100455424 -0.025144792644830598 0.023329407969260477 
-0.007022771965631597 -0.04249858786209679 0.019776060309238463 
-0.011729518501012524 -0.06780668823807967 0.01329861466357586 
-0.013416857441810712 -0.07693105856062875 0.011297022816619753 
-0.003420912265901923 -0.01139204169644053 -0.04822443088743598 
-0.003320900430261014 -0.009752388959725578 -0.05493476212963786 
-0.0053812102175335285 -0.01426850286109617 -0.09855217757472125 
-0.006885237947530802 -0.02235550922218389 -0.10062281367549554 
-0.013156962181200924 -0.055994302333634366 -0.10977706595497988 
0.0014993413036121304 0.0033826645891795837 0.031143859217411685 
-0.00012434348730538928 -0.005314146991213903 0.028699804315978926 
-0.004986053337452475 -0.031565046667878474 0.022690009924316117 
-0.005674894626761016 -0.03525860928434869 0.021677850573698986 
-0.006283314208319232 -0.03844124564488472 0.020288510409962126 
-0.007100098166136438 -0.042856012874321586 0.019306971584628078 
-0.012145520216625879 -0.07014929192247284 0.013383439392315392 
-0.014645406874539777 -0.08363041426929256 0.010187149696665131 
-0.003262583420723285 -0.01086863028674234 -0.04596859786128825 
-0.0030886771239413556 -0.00923760981282317 -0.050054288101196484 
-0.002898012549826073 -0.004933753824379304 -0.07016789812892528 
-0.0028610687032352583 -0.0031377949479293355 -0.08004394256566905 
-0.004241349848111659 -0.008255454125271712 -0.09626282177126531 
-0.0047924795342856805 -0.011095944739399557 -0.097785235243358 
-0.010558057799509447 -0.04221528266760584 -0.10498702980860701 
-0.012833622756190433 -0.054391272159047925 -0.1084896097636629 
-0.001185199881210045 -0.011044274405167066 0.027400933010377822 
-0.0020773437561464165 -0.015901383751438108 0.02654645593932958 
-0.003714445859035242 -0.02477843149967663 0.024755696991138748 
-0.005868435171675907 -0.03632215226638246 0.021553683754660987 
-0.00668401637606622 -0.040720746404582224 0.020513480452476036 
-0.007484273232559374 -0.04505659151996028 0.019616484735402232 
-0.0107196514768896 -0.06243037936939079 0.015022315526021178 
-0.011684461948654334 -0.06769308988369697 0.014160272740088754 
-0.01322105849835406 -0.07593247270409861 0.01190345746465958 
-0.015370811570293167 -0.0874181782656382 0.008488285204821625 
-0.015260799879937538 -0.08621916193359441 0.004864318886293411 
-0.0032124131650084313 -0.009789692311468739 -0.05092835785582396 
-0.0026948930331143484 -0.0035162965146395223 -0.07190993898252147 
-0.0024902158005690673 -0.00017352217398205596 -0.08556313385815914 
-0.0050904907683590305 -0.012706810659743892 -0.09814275611921632 
-0.005798575036142707 -0.01651633960755105 -0.09910373118902217 
-0.009872092736920883 -0.038447824239238336 -0.10453418588880974 
0.004868992355313393 0.02135487734356579 0.03669069540654849 
0.002548194984664983 0.008996577295977996 0.03274736736226646 
-0.003037801384639904 -0.021137875684054414 0.025672918913031733 
-0.0036477413297485712 -0.02434148303247856 0.02436101038358349 
-0.004577932121593885 -0.029424771793820883 0.02358842234007981 
-0.005335905820476447 -0.03347642228896145 0.02239637857210131 
-0.006852063878100559 -0.04158376554863615 0.02003008326107802 
-0.008732383253887043 -0.051876711456612074 0.018576563053696662 
-0.0103750705667341 -0.0606850439686227 0.01616443156617179 
-0.012841540298155485 -0.07400291765371562 0.013116261089801089 
-0.01563345472809528 -0.08883940599601617 0.008182765326452573 
-0.003328997032267265 -0.011397363659719644 -0.04499336978059917 
-0.003155013581907501 -0.009765990688869226 -0.04907856631104181 
-0.0029546818369587894 -0.007058836512554986 -0.058932736566113815 
-0.002398303487813369 2.8845574323913123e-05 -0.0836229126384443 
-0.0028354482563363033 -0.0015593621707927388 -0.0889620906656204 
-0.0033742787746149534 -0.0038011046665042876 -0.09377764780860882 
-0.004030281153475489 -0.00719416847437203 -0.09551477316748154 
-0.006174632267799271 -0.018606188731681534 -0.09919993156349284 
-0.007140531302899816 -0.02388421684812032 -0.1000046535271465 
-0.010324705399297057 -0.04099608870959301 -0.10444502875421181 
-0.012733212978573993 -0.053961717862802454 -0.10766564421785162 
0.006196453758968668 0.02846311962906603 0.03870086578670153 
0.002112895693858905 0.00653795805179569 0.03288178274245018 
0.0004817806419694701 -0.00225928085799876 0.03080333848951552 
-0.007325439882502401 -0.04426896733821587 0.02024785631077584 
-0.008138682413238823 -0.04863612141644086 0.01909363006089647 
-0.00900652151906879 -0.05330868029227496 0.01793784965020297 
-0.010619650942627625 -0.06200617519042176 0.015865291963940792 
-0.01149374735268938 -0.06676339143474587 0.015017926366864135 
-0.0033084560923012166 -0.011583868084648483 -0.04311961624098727 
-0.003153175424806599 -0.00962871176484908 -0.049867765001288256 
-0.0028649989509619785 -0.006310303865046803 -0.06046435799591003 
-0.0025280120728974286 -0.002188142826277047 -0.07435782085684992 
-0.0028729441629756487 -0.001664888111859301 -0.08961086083886895 
-0.004333369495214017 -0.008873821940448346 -0.09562144378667237 
-0.0057508026066335465 -0.016365697035890202 -0.09837780050158075 
-0.00665906433953953 -0.021296378378943624 -0.09933583157299755 
-0.008294653318704243 -0.030152555001141126 -0.101203653433409 
-0.01295040044790909 -0.054478900769510626 -0.11200804093280983 
0.00809955048391157 0.03903105519722464 0.039237883112274385 
0.001291452132365251 0.0021713669781691573 0.03143872090738987 
-0.0011254908918016092 -0.010909789593199543 0.028642586126432792 
-0.006905816665351308 -0.04208608771726466 0.02128167775407855 
-0.008438206771036282 -0.05026785846282622 0.01881317209725878 
-0.009407139293411368 -0.055587728693194144 0.018162944680114444 
-0.010145847456958524 -0.0595231095885187 0.016918616711423102 
-0.014889742675595282 -0.08504304491807196 0.010465164991624509 
-0.0030013101944593055 -0.002279901363849374 -0.09025492234667229 
-0.01031972406720458 -0.04113541179545241 -0.10340585713782963 
-0.011942503384642568 -0.049817779052497936 -0.10590817586301093 
0.006508535946600238 0.030167841245085324 0.03896466518521086 
0.005504158194375997 0.024657980327819757 0.03826194306111168 
0.0039890887000876155 0.016565954670277657 0.03583832692780964 
-0.005576842137971968 -0.03495697430572338 0.02321478522201093 
-0.006426958628877281 -0.03953453783810869 0.022085252164794875 
-0.009560765151056248 -0.056398920245291376 0.017859221399835788 
-0.012765935806198456 -0.0736520749638618 0.013566354232705682 
-0.0028426424107553423 -0.006359832634434584 -0.059378703226642994 
-0.0024672386521110558 -0.002005987885137313 -0.07337539083443641 
-0.0031451373207916885 -0.0029588223962446884 -0.09103974786511307 
-0.004817143606419833 -0.011442602486448345 -0.0964889779294742 
-0.006503794973423695 -0.020556670616890177 -0.09853067265317705 
-0.007360994318490575 -0.025229460451699246 -0.09931483086130248 
-0.009025686829868254 -0.03419051803352604 -0.10154343725488807 
-0.01229788890750443 -0.05177124307802877 -0.10613274841791102 
-0.012993056563296416 -0.05540620703342655 -0.1077291952849908 
0.0005798839550973544 -0.0018934156039827972 0.0319428667786185 
-0.0026017385811031597 -0.0189725709963699 0.027387942963358912 
-0.0042878820083008945 -0.028080868089528973 0.025328055361620028 
-0.005897122597968591 -0.03672554880948671 0.02306257445140514 
-0.008269073827200124 -0.04948556640518688 0.019836032952539814 
-0.009824581265598537 -0.05783591793658026 0.017610897356347972 
-0.0034198505216341294 -0.012896110458818102 -0.03884008845847593 
-0.0029708153152549054 -0.008555646640515452 -0.05019177427717084 
-0.0023691381922835296 -0.0007114214355548122 -0.07800760143324373 
-0.003436891250633146 -0.0044850309480990135 -0.09170568355458829 
-0.006916385998265176 -0.022851828030050907 -0.0986220469123238 
-0.007788962044776417 -0.027588073286486905 -0.09954684414368917 
-0.010303537830340305 -0.04112234886282628 -0.10292387573932618 
-0.011891697467858753 -0.049625294366907935 -0.1053367397220788 
0.0035609199662479524 0.014170747315362591 0.035826745585855475 
0.0019454220723483515 0.005441409226914859 0.03386967948925741 
-0.0020310553627300777 -0.01589990597662019 0.028147773820750607 
-0.006960877958880409 -0.042493593719502634 0.021898487533405717 
-0.007737655596196901 -0.046655457298377515 0.020737148512160478 
-0.008534001061938527 -0.05093818496708745 0.019646129651232355 
-0.010241408531141624 -0.06018909055490723 0.017732682120561397 
-0.010998186716423743 -0.06422466782065776 0.016482342597800043 
-0.011819360208111791 -0.06869792040371937 0.01571155115238671 
-0.01335089496718021 -0.076868719085021 0.01320461681812352 
-0.0027165933209689205 -0.005295151530567831 -0.061609824869586466 
-0.002478514478965072 -0.001789331934815576 -0.07511416932811109 
-0.0024102994958278027 -0.0002913011065289713 -0.08205065763431714 
-0.0028385008796546715 -0.001758210396203651 -0.08783250922221195 
-0.004091826425604883 -0.007751335537428224 -0.09419345393886644 
-0.009029832134814796 -0.03430873903436944 -0.10095295075329459 
-0.011466324886282055 -0.04736352841474943 -0.10459314021435692 
0.007635351415258784 0.03637179483637253 0.039613727942760586 
0.004829541314281775 0.020915469736240373 0.03804888955062257 
0.002379196680656495 0.007671267909776866 0.03510390435255241 
0.0008837175716536435 -0.0002995903894511485 0.03260886813903172 
-0.0017644432965798736 -0.014633201282707028 0.029551704071754507 
-0.005689533493869162 -0.03571172721949964 0.02398453538703328 
-0.009687274970952906 -0.05719565091769542 0.01840906978959444 
-0.010605675602155447 -0.06226370394558079 0.017952008033679075 
-0.01139553054694606 -0.06645742870792802 0.016533682214298823 
-0.014545779777044717 -0.08340028087039118 0.01222323332847702 
-0.015423278570605381 -0.08762710217642405 0.007961220916770517 
-0.0031786507972828724 -0.01056347638687632 -0.04494480176931605 
-0.0030097146579014696 -0.009000487831431736 -0.04878061668506081 
-0.0029065921814079815 -0.007318640483856399 -0.05564494876430641 
-0.0028305377080630463 -0.005858337190601207 -0.06207421246627044 
-0.002485696008638277 -0.0016301952985220676 -0.0763530280656503 
-0.012700612822138663 -0.05399463903564386 -0.10632679751708501 
0.007056167610490951 0.03297589858013615 0.04056693724543417 
0.005528915597515438 0.024719555805959227 0.03874064613779185 
0.00457955898077297 0.019520653210211226 0.03801973608456495 
0.0037081784478622563 0.01480048118316522 0.0370366430984168 
-0.012635545290367914 -0.07316712239155065 0.015089146927249967 
-0.014843783771291539 -0.08501104692888846 0.011865343730550645 
-0.015448321758784961 -0.08814096897308252 0.010283449064929067 
-0.003163186964982028 -0.010818768357537143 -0.04282019797303663 
-0.00304087610673104 -0.009021003907077038 -0.04973730796246064 
-0.002745507369343179 -0.005173038564916575 -0.06337472572934101 
-0.0023360001102798603 -0.0005023728254804891 -0.07815381891494183 
-0.0025417475632346634 -0.0006903212746428318 -0.08414429332854619 
-0.0048397570017637255 -0.011873724979328183 -0.09459644514929677 
0.003616261816159068 0.014390323861427074 0.03638763048789201 
-0.0014144602453821694 -0.012702670538227885 0.029730834077211842 
-0.0031854149142011815 -0.022380379240945866 0.028258874668513467 
-0.007124261738945926 -0.043500733846066994 0.02247302911582763 
-0.011305737973232331 -0.06602734018422854 0.016984925637640518 
-0.015539481740323359 -0.08854057515056703 0.00959518976288849 
-0.0029620258652050565 -0.007842503650678578 -0.05431796555838859 
-0.002648510709095783 -0.00490178340903155 -0.061685723488361724 
-0.0023253576120647293 -0.0008218035355215256 -0.07579835692673179 
-0.004452785983732852 -0.009843439331065218 -0.09375035209255486 
-0.011967547770228125 -0.05019814686057178 -0.10441565133241312 
0.006380392069882518 0.029106307711859018 0.04110334202421022 
0.00482725310182487 0.02078779937076657 0.038762714838354265 
0.0039212682060286485 0.015888408997388685 0.03768943591194392 
0.0022951377911925273 0.007159401729763002 0.035360378890709684 
-0.004167553053762006 -0.027621424665637613 0.026659311182611424 
-0.006790652516843088 -0.04190343892591175 0.024153443229021694 
-0.007484987382878965 -0.04552773408552867 0.022519667604399995 
-0.008241418161350688 -0.04955811032430204 0.021249092282231277 
-0.01074721471668591 -0.06311868901263462 0.018340981600790396 
-0.013249129677956566 -0.07662655338462517 0.015240316417464822 
-0.003077089368913448 -0.009429204011041342 -0.04846040911745249 
-0.002867814239268698 -0.006600751379285136 -0.058757252933243145 
-0.002457864886942362 -0.00033968909245616605 -0.08340487089099514 
-0.005653734146674928 -0.0163116537871641 -0.095336383885469 
-0.007433376412491583 -0.02596250715726352 -0.097277507943034 
-0.009068793997362398 -0.03467098235017879 -0.10005729300042829 
-0.010032006951998663 -0.03991236937966559 -0.10099627371118379 
-0.010807355858995508 -0.044053814191277775 -0.10223480063204717 
0.005267540787944305 0.023106964228470354 0.03966853282329559 
0.0026793929320723703 0.009152643160747856 0.03634219933652305 
-0.0012488985253136865 -0.011968394762126565 0.030927850999007807 
-0.008781203458349167 -0.05256425591342688 0.02115088480342817 
-0.009474788928165348 -0.05632160477234611 0.020370077354207282 
-0.01193702241888517 -0.06958146325227281 0.017108747854476383 
-0.013472946711824476 -0.07781074728719917 0.014812560900133886 
-0.003288075008364339 -0.01216809073183642 -0.038779707845294914 
-0.003186443098734557 -0.010506811241823049 -0.04556807693222142 
-0.002955155273337763 -0.00853309280087027 -0.049787084215155965 
-0.0026592309283976646 -0.005109459675015996 -0.06076805501571364 
-0.002770736575380933 -0.0014303981876209702 -0.08751206947064559 
-0.003237562959739871 -0.0037072482294726442 -0.08960421825774274 
-0.004477339984068189 -0.010093296762309413 -0.09305185419733693 
-0.006313106428355264 -0.02007062577975316 -0.09491673205935938 
-0.010979792894900727 -0.044975318688956406 -0.10250745044352448 
0.0008946592623644347 -0.0004556874392967244 0.03395966308124171 
-0.0032534546421470615 -0.022819094344183683 0.028618085192966974 
-0.004920863030675777 -0.031817196143288595 0.0265252061884529 
-0.005793446317013468 -0.03655354126157167 0.025600777679155588 
-0.007527936254899261 -0.04588268564569698 0.02323128982505382 
-0.009790431143932425 -0.058026913815513836 0.019986065390200956 
-0.013938227438320409 -0.08038552282374976 0.014625720344488481 
-0.0033582357168455623 -0.004217085483862919 -0.09063425120084909 
-0.004091564479637802 -0.008079084343436448 -0.09214746538581221 
-0.006616000818939531 -0.021602274548068196 -0.0959364657954346 
-0.007541137059979977 -0.02661707903215758 -0.09695880417570427 
0.0027755344291300237 0.009524436291853962 0.03737663035642585 
0.0021482738726248066 0.0062310838554103425 0.036019832303459905 
-0.0036291942636801143 -0.024904145571663164 0.02850311766105855 
-0.005332628505587557 -0.03410178462251556 0.026396871893832316 
-0.006891359760943138 -0.0424949514084698 0.02432565656474798 
-0.008557572635871369 -0.051476979978184706 0.02217448180545108 
-0.009409801823537766 -0.056081737894519174 0.021140448273162145 
-0.014299778632183204 -0.0824230919971452 0.014709318868534688 
-0.003182580883256294 -0.011669649028011885 -0.03820696127821915 
-0.004496747800367799 -0.010274117695675293 -0.09260335037355548 
0.005709195695351954 0.025235417321535683 0.04180714491537117 
0.00339725747848193 0.012854689551368927 0.03831143399701055 
0.002733886675193554 0.009361347504399474 0.03694114419393501 
0.0018663877363475632 0.004693889793695455 0.03576549670590214 
0.0009169539660271053 -0.0005053652989837845 0.035044092943209676 
-0.0072085841768047 -0.04422138052982494 0.024017851327731286 
-0.010598429329170442 -0.06252864231139937 0.019850649969898836 
0.005335484377175646 0.023177108119227064 0.04159655287113796 
0.004649358965018198 0.019520589720034967 0.04044866613144938 
-0.0019417978052853396 -0.015987415732246973 0.0317971430245037 
-0.004328671378886109 -0.02880493209533951 0.02840875177048705 
-0.007657315245116272 -0.04671693068383762 0.023914453960444542 
-0.010938051464093882 -0.06441360406650594 0.01974880546603196 
0.0010287672177922158 -6.562211807876648e-05 0.036201495748816113 
-0.0005928093462187507 -0.008731816283887188 0.03364051254678393 
-0.0024407359148193473 -0.0187298853302441 0.031481444116482085 
-0.003996728736163525 -0.02708570463044116 0.029273401478424697 
-0.004606351071148601 -0.0302845140822143 0.027942725791538697 
-0.005574702969994156 -0.035594837747732345 0.027253370430151636 
-0.006367159601844608 -0.03982475123825322 0.025969428345270756 
-0.007187160136792598 -0.044282233860403857 0.025141441064976185 
-0.009570167433362607 -0.05704723931378637 0.021561226506908327 
0.004785129579079288 0.020139682344399733 0.041325001396818044 
0.0006577717767669206 -0.0020868871031092607 0.03585517631551146 
-0.005075490834848868 -0.03291170066662779 0.027947339817876393 
-0.006800211675622161 -0.04225225148061995 0.025988634041619652 
-0.007593863821073094 -0.046498238200530825 0.024762987711521602 
-0.009874088564857282 -0.058737561575643575 0.0214918846452594 
-0.01161533650695461 -0.06815703450369452 0.019448635760742388 
0.0011389757267212094 0.0004962026978685988 0.03654435905646527 
-0.00443029580614669 -0.02940756573245676 0.02861816887635772 
-0.005470381801626192 -0.035112166004818764 0.027883312832108598 
-0.006225639623357785 -0.039126772282681195 0.02655554167505861 
0.0024291539268531935 0.007388685411932064 0.03859823352138996 
0.0014109351537690623 0.0018365434675596762 0.03767670954192866 
-0.009753832628375847 -0.058182191114732225 0.022224438046115135 
-0.0020018227138641855 -0.016523611807415066 0.03304103061883017 
-0.0070379655059226885 -0.04368683704189218 0.02663209854197631 
-0.007702509265951221 -0.047195949049772555 0.025319004573781976 
0.0040882105664207455 0.016210954135353457 0.04149328940888808 
0.0023968222587356183 0.007033199624309735 0.03968257786451335 
0.00175152147718209 0.0036400539477663 0.03831829961550781 
-0.0016929274901035071 -0.014972712493264383 0.03414991281892934 
-0.00409719882867878 -0.02788032644130762 0.03071613833192938 
0.004722919290015919 0.01957251635771534 0.042685323582278355 
0.00300201820676332 0.01028453076976591 0.04053283839683783 
-0.00042047190489610044 -0.008175225122649725 0.03617753993037658 
-0.0011375911764878533 -0.011963099764815473 0.03476763601111151 
0.0025752234372176763 0.00794168789588917 0.040243629279569905 
0.001869916883129079 0.004169352255659411 0.039148151727991645 
-0.0006838860159103227 -0.009606972558509272 0.035910573716848485 
-0.003143185729793913 -0.02282564468991714 0.03249535588104431 
-0.0007543742886539158 -0.009870193637394168 0.03509394223437855 
0.005134855775139694 0.021589561826611273 0.04448231895171981 
0.004431000508231159 0.017837948222123264 0.04330855358062187 
0.003432002156761768 0.012401469340608741 0.042336945240250876 
-0.006353926180370998 -0.02350669243478333 -0.07498269217510345 
-0.0024170915544807804 -0.007704781298649347 -0.03621409523568681 
-0.008863709850981148 -0.055603289168157356 0.03716706988724686 
-0.0020714596750478907 -0.008018077379666567 -0.0222415466653219 
-0.002426789643219436 -0.007212959079281609 -0.039608067585643336 
-0.004882315738102954 -0.013909667697840477 -0.08342432033890716 
-0.0023705314555530683 -0.002812260391917302 -0.06499990192394582 
-0.0033756255571733293 -0.018730345310638274 -0.001043106551121753 
-0.0026713197958567986 -0.005556822733386456 -0.058408413708888086 
-0.0026236066986144125 -0.00635198604677229 -0.051806606486437715 
-0.0034973204732126335 -0.018410345886242074 -0.007265925256568468 
-0.0031558464953985355 -0.015682461323503642 -0.012338198935546208 
-0.0029253065059603 -0.012799128923990733 -0.02223624284390365 
-0.003768863969603221 -0.024154441396975857 0.018984401296608583 
-0.003082901726599659 -0.013207608131829463 -0.025180825174564485 
-0.00241290554891868 -0.003036249216477629 -0.06508218135127443 
-0.003412937120106681 -0.01628068207926382 -0.017565307906425805 
-0.0032509662713660382 -0.013715872457113726 -0.027869525493945432 
-0.0031804523359826413 -0.019876985991309732 0.012873589915714242 
-0.002757830264638169 -0.013614072037642278 -0.011344616555855684 
-0.003055192704076603 -0.017794624239402947 0.004290376761192651 
-0.002975069273425378 -0.003870466873376304 -0.07945697128126054 
-0.0023641728911879597 -0.0069701552249098325 -0.03893842037782795 
-0.002503997054741934 -0.006745127768706518 -0.04520177958607748 
-0.003288498974351888 -0.015021684873471493 -0.021060103479529076 
-0.003338447533350725 -0.015843318407646977 -0.01769171111377028 
-0.0027192237761970955 -0.009746568035611821 -0.03403693443116393 
-0.004028047598367012 -0.024626268020480808 0.012898963799214942 
-0.0029360633575056983 -0.012735735087033127 -0.023004480038509505 
-0.0033004173598995823 -0.014012998773147134 -0.027743502513292193 
-0.002238609348458631 -0.005880165535871242 -0.0413437219148719 
-0.002522556090691428 -0.0146234023524125 0.0031139548357040853 
-0.002991324247166951 -0.017004547904189878 0.0016024162298228302 
-0.0034035396645459254 -0.01565127486606694 -0.02114994862174182 
-0.003090068321547342 -0.017771642893151366 0.00293413391757604 
-0.003438896588119257 -0.01644239620229887 -0.01746349818021697 
-0.0034291820465897887 -0.018251977365399127 -0.005879419710694556 
-0.0033212826316285633 -0.018294766445338374 -0.0018593759895074 
-0.0034833765673590125 -0.021637838104996927 0.013277257910468519 
-0.003442230713768574 -0.015361790295411099 -0.02429519009307377 
-0.0029231719165443144 -0.00861645782973773 -0.04815620206776606 
0.008123932342721692 0.038312262305214076 0.04455330912567825 
0.007896933869642572 0.03709603747630926 0.044213926482485975 
0.007875186361998288 0.03706622601296187 0.04364254083567488 
0.00800864775317871 0.03768604548743961 0.04443401463125077 
0.008230801308268029 0.039078676638049877 0.043508509089132084 
0.007220943050952868 0.03351260617022577 0.042964432891637455 
0.006983663919483551 0.03215498517677544 0.043146098444922384 
0.008095199459021445 0.038066360589310254 0.04508182829702693 
0.008088886691288218 0.03795289091829326 0.045567374447852 
0.007044496097152589 0.03250556836364484 0.04308383445627065 
0.00817588416859816 0.03851409672861782 0.045106508407926946 
0.007107043423790492 0.03273116766668942 0.043857988033252755 
0.008151878582627083 0.03830603484447819 0.045564338563304954 
0.005758081832656413 0.02543303790001811 0.04227986833550094 
0.0073056812315902605 0.033774276689619055 0.044286494608898316 
0.006435402347770648 0.029087450239002593 0.043134496856232024 
0.007830662852463996 0.036522612887040756 0.045471860258417304 
0.007089227278690374 0.03255374210569307 0.0443407691543824 
0.00620696790454545 0.027850706780987968 0.042872670834725964 
0.007605184742935556 0.035327359046024014 0.045055045980936376 
0.005295386428202427 0.022880312155850367 0.042045944518603995 
0.005794901184527845 0.02557545934090083 0.042675803224295275 
0.008001962403882694 0.03733932932560432 0.046356164720217426 
0.006761027390817586 0.03067551476583815 0.04459448371265767 
0.007285427539779063 0.03356475898617541 0.044883911134460996 
0.005979932903353682 0.02645894136090564 0.043622957005126535 
0.008251034110700434 0.03880587152432755 0.04590787830240681 
0.0068499732338156505 0.031116082230210503 0.044951143093531196 
0.004726763529571601 0.019749028939107283 0.04172209496414851 
0.006202360300627202 0.02768072995514239 0.04376872184123092 
0.004290136266868026 0.017284582222231445 0.04184652275810001 
0.008263235929402975 0.03892014284687697 0.0456222465457727 
0.007365466167810432 0.033855767913204264 0.04586013167859085 
0.005972653190223569 0.02642756077080652 0.043564697865042086 
0.008228584177106604 0.038418252490390936 0.047535735537457595 
0.006693178501844794 0.030230360872242974 0.04500034948524481 
0.0055283507542667025 0.024005169337154634 0.04316072225387424 
0.004455273768757462 0.018164225070060006 0.04212536090256017 
0.00824303475139895 0.03844172013859903 0.047892665773182685 
0.0064823895199662245 0.02908826026074592 0.044764277107750605 
0.00371535131870798 0.01421622541475335 0.04091720688630458 
0.008264257975159438 0.03870640548759639 0.04698612919872016 
0.007170402330590682 0.03272832049464474 0.04608011496033955 
0.006263264803636154 0.02783128799649993 0.04495207920250303 
0.00553101752684 0.023841233057969327 0.044272328591366754 
0.0046415800579497285 0.019038892634794257 0.0431716401069092 
0.007816154540464988 0.036084489376785094 0.047689900943931676 
0.006490897290196084 0.029003762533393262 0.04558541777499176 
0.0034781584838309127 0.012833816598489561 0.04125592489582209 
0.005752495203697122 0.025076733865974747 0.044299832124447484 
0.004408426775167843 0.017885694077001493 0.042226422424308956 
0.006743522119656709 0.03037108973283082 0.04587735013108846 
0.0034398730135642938 0.0125779516021067 0.04151400225910505 
0.007507090680802458 0.03432147274100973 0.04789340615389973 
0.005080237334418292 0.02145172995533959 0.04343858128913184 
0.003961324068655535 0.01542580606729316 0.041958049214815114 
0.0067495300092327275 0.030278930101032598 0.046659129771564264 
0.010333074062190811 0.0696556682252951 -0.07337573447155614 
0.005512693441933839 0.023658036459690224 0.044773302590532395 
0.0044094925888635735 0.017847597170745477 0.04250026754159556 
0.003109640366598988 0.01081991024942561 0.04095006640918434 
0.008084427361006523 0.03746611727222893 0.04843739524980569 
0.007193469528565651 0.03264280586116577 0.04741413839963679 
0.01056611574619241 0.07090192792826565 -0.0730127507573088 
0.005741868848904609 0.024851785252950752 0.04532810960883092 
0.0035097763647708277 0.012878620401433165 0.042077554722450214 
0.008111213909642099 0.03751109836628771 0.04908982777734806 
0.006333365698653201 0.027921586031770935 0.046829905078855136 
0.010807505039930252 0.07241042554836577 -0.0739890718581707 
0.0026611487068493337 0.008314869965973814 0.040913977450408534 
0.01006092033242649 0.06807480096177852 -0.0730200348517136 
0.007896188687062072 0.03631098254962439 0.049066914423213995 
0.006534397643608259 0.029024947417202338 0.04696725736959804 
0.00341400136764069 0.01226536628160042 0.04255649333667794 
0.010601614365992868 0.07103862175830189 -0.07262717217681475 
0.004443166833740185 0.017786453784153194 0.04405187858110375 
0.007450628900960618 0.033872368796283255 0.04872000965952991 
0.006553424625586112 0.029111531435706745 0.04709116150462361 
0.005101808628891055 0.021320307420859767 0.04500586391165125 
0.003985611240279444 0.015331427750091426 0.04338960444826307 
0.010742890808272622 0.07190043446958456 -0.07306771689848782 
0.009839799684391932 0.06661556387086433 -0.07164465277500169 
0.007742145132648643 0.03532971605607533 0.049805630428992866 
0.005697511922654506 0.024447720274520034 0.046295969000284924 
0.006691656719293178 0.029784370614083587 0.04771911744781407 
0.004229770828163384 0.01658282440104359 0.04410748612901203 
0.01053725590791482 0.07053327948587246 -0.07172580928186878 
0.00774765594371668 0.035378916805971 0.04969159682915047 
0.006718343557490459 0.029828695942732072 0.04837215618579248 
0.0030959596780798303 0.010474464832492062 0.042620931848477366 
0.010586314466564356 0.070882997037542 -0.07219233050216767 
0.0059372490700264485 0.025612122537799584 0.0474006294782613 
0.005038524431101499 0.02083031418933493 0.04584921295764368 
0.002285571328720406 0.006152037327298561 0.04128804632837024 
0.00813603554309098 0.03741172454781885 0.050571024181770736 
0.007221628288160254 0.03241483473057868 0.04981064199380366 
0.004240116572067373 0.016524095558230086 0.04483242800452671 
0.005952039811302772 0.02564069135113776 0.04773769263664702 
0.010037253695093458 0.06775055537262996 -0.07182835981867818 
0.004717919121154852 0.01905684192707351 0.04571613806654367 
0.003569379066339061 0.012920062635483068 0.04389374553492236 
-0.0029157557131241026 -0.0136878281529677 -0.016380906556897352 
0.007824362756542231 0.03561241932202274 0.05090928184830629 
0.00619774231959767 0.02691336225845707 0.048377042763205785 
0.005281302305574521 0.022036658428390723 0.04679901016704269 
0.003913761897695052 0.014671736964761392 0.044989575049007524 
0.0027913180661496605 0.008745331344479731 0.04276772428088188 
0.01055284738751033 0.07050483235019292 -0.07100654671946888 
0.00682113127655243 0.030272368723460622 0.0491911141662775 
0.004511000872042906 0.017820324212941763 0.046201517305519 
0.007403772756481156 0.03336835496274672 0.05022207078813175 
0.010573024769367948 0.07060688306112921 -0.07093873849942296 
0.006125741594907346 0.02647858430329948 0.04857397083572582 
0.00406077684310238 0.015465304588274649 0.04517281451010788 
0.0031442524356747516 0.010588148399429969 0.0435946569265473 
0.002209406688668503 0.00545921902146284 0.042943754774174295 
0.007430452354851999 0.033412580429548124 0.05087547824817818 
0.010643274672180746 0.0709519285981835 -0.07063891857973456 
0.005680181808805904 0.024039970549958337 0.04822706607204172 
0.004762221431232239 0.01914229573200386 0.046726465110167315 
0.002922736692143731 0.009299029676403966 0.04389905053086534 
0.008107164171737928 0.03704663043668066 0.051835475132795655 
0.0065423192530150295 0.028601828681428645 0.04987244654526881 
0.010438724893409489 0.06974725407435269 -0.07026903093042333 
0.007123340658954854 0.03167618816741634 0.05098144101184773 
0.005247673154963582 0.02177984640689295 0.04722497935217609 
0.004353597441843702 0.016914240523122306 0.04635609206111899 
0.0033963030005296465 0.011773760840081148 0.0449959196162425 
0.002503334965856748 0.007070938684670861 0.043153912437976026 
0.007688259523958984 0.03467717906325364 0.051986150280224554 
0.00632916180079588 0.027427884879630642 0.049751865757438646 
0.010483485374813393 0.07003880733055674 -0.07052361803466113 
0.008271901732069835 0.03793519340364273 0.05204496194737347 
0.0052728396296103175 0.02180320074765332 0.047955449724443135 
0.0029460789715891247 0.009418741215414039 0.04396721682083137 
0.007283871775272039 0.032507139059538316 0.051402618207816095 
0.004243542560417992 0.01625318329104635 0.04663527788325162 
0.010051266581369409 0.0674861176786551 -0.06969740014424576 
0.007844042004032584 0.03559127172527136 0.05172540445706836 
0.0062701576116470144 0.02717154730629662 0.04929201824441005 
0.0032156661443378124 0.010723481056917212 0.04523828061820745 
0.0068793698364938245 0.030336243566718518 0.050820429789979735 
0.004274783249440364 0.016360321721512094 0.047056390440432055 
0.010546249553152741 0.07025461323568315 -0.06968105612926646 
0.008116662664055937 0.036937853680703646 0.05284197370793514 
0.0051072248282259735 0.020811075497292025 0.048359054271123525 
0.003255449228514914 0.010946902532799554 0.04523393756020119 
0.006681241678908539 0.029220554159570287 0.050860723824796915 
0.0057378835131569285 0.02426993928139095 0.04880547210432579 
0.004073101969212193 0.015343847313649538 0.04635646570134191 
0.009886565165068415 0.06635785086325724 -0.0684159315006127 
0.008165618728176546 0.03713988759277112 0.05328970234066103 
0.0048998167404324606 0.019716018026701285 0.04794825154771259 
0.010482863741736752 0.06978920442033983 -0.06899402834167305 
0.007346042081839598 0.032838644244760545 0.051505476327655265 
0.006248655871488226 0.026960077519573654 0.04985814339546571 
0.003621869972263029 0.012826699726032377 0.046300276582704164 
0.00797442013158354 0.036118954339588144 0.05298220988294817 
0.004208640742628567 0.015979945543227327 0.0471190491137023 
0.010055874677350021 0.06745645821286032 -0.06935274570725512 
0.00671539149193923 0.029340704611758046 0.05130218651663435 
0.005328608105584663 0.02185981681679178 0.04954393567941043 
0.003196989134782851 0.010524570933137934 0.045824630916522655 
0.010678068120704296 0.07079939144847386 -0.06848037854940059 
0.008018929295143756 0.03625893077709572 0.05366088976396797 
0.004257626603435966 0.016182382585620932 0.047565309104458595 
0.006955684802792409 0.030539590353000193 0.05221189150143451 
0.0053652733090826885 0.02204094381996668 0.0496939621805159 
0.003214813363333767 0.01059498186040525 0.04600719952839911 
0.005990522796571965 0.025426022437988405 0.0504107348719596 
0.004044546304794765 0.015008791280754163 0.04744522202609401 
0.008215039147590891 0.03728356212857774 0.05411627573249185 
0.006552733024251508 0.028390068978394672 0.051550802807339875 
0.004941967431870607 0.019759835243412533 0.049142478509412856 
0.003234165195261697 0.010686463637407759 0.046111967783918836 
0.010803359163311458 0.07157738640627766 -0.06895619393042718 
0.00580706120977635 0.02436318299188076 0.05063287072666507 
0.010202615589270781 0.0680587351930434 -0.06799021837223784 
0.0077768036861832444 0.034944854922784145 0.05340331102830543 
0.00472771417648929 0.018570473977634828 0.049079587265929495 
0.0030329809935414668 0.009528628847851299 0.046307856285146894 
0.0067197438002215126 0.029162891357902686 0.05255867916321034 
0.005349930176703962 0.021913710481727404 0.04995085450388251 
0.0038761384726814425 0.013979269316183523 0.04798406025238029 
0.010512552870975864 0.0697685114073682 -0.0678324592443985 
0.007367441982018502 0.03255952028099847 0.053984722147157535 
0.003077233535139275 0.0098144110667726 0.04607146205894513 
0.006070935353432513 0.02571146585344458 0.05143455366569284 
0.003437825857695751 0.011640209613458711 0.04727060183872831 
0.01007709856501245 0.06731983465140333 -0.06776522728532831 
0.00788674141847051 0.035365738157965836 0.05461266902094426 
0.0045827783237261804 0.01771483368772027 0.04935445091011243 
0.006584832832269278 0.028443998426181838 0.05233248667565295 
0.005416640555623953 0.02218590268597803 0.05058028931695123 
0.0032397820935149277 0.01052497256508878 0.04731102086094302 
0.010139906511291026 0.06771128100955427 -0.06801270291559453 
0.007463351147854022 0.03308417722263337 0.05406106036244368 
0.0039135611815484545 0.01413177175286135 0.04833833680621943 
0.010766351512380845 0.071112432856966 -0.06735422597893367 
0.006650013704624297 0.02872035996228905 0.05288279437624339 
0.005684612289842104 0.02361628217671635 0.05101432933825748 
0.0045258141334962535 0.01733840998905951 0.04971188508321179 
0.008205112426781801 0.03701877005172848 0.055416512331222176 
0.003435884706135666 0.011549504054723691 0.047766775551534954 
0.007406727124608069 0.032712854689102684 0.05439862745820367 
0.0064434428623227616 0.027489043275134465 0.05334793781581129 
0.005478048687367001 0.022385065351408856 0.051479104055757334 
0.010290026414108786 0.06838584131223546 -0.066981833395329 
0.0044571717460306125 0.01695037190632916 0.04973518272971668 
0.007686679349151555 0.03415944305392965 0.055148768046500075 
0.005769477083901443 0.023989123110171297 0.05164990069279374 
0.0034036649827119203 0.01106919334216199 0.04963076963852891 
0.010539935366418347 0.0697161242943949 -0.06655417365016082 
0.004978014102893498 0.01977786403966369 0.05028459804931318 
0.007492757635581085 0.03310136572162148 0.054977371699926704 
0.0063261701158907006 0.026864693328084107 0.05314786769433383 
0.003938647035169547 0.014090492687904915 0.049467682179665094 
0.010598536868682163 0.07004995857770577 -0.06658995889903649 
0.005471901091792142 0.022236747717833762 0.05218696814995455 
0.008036289143297315 0.035944853559749836 0.05621679644512337 
0.006621067241663765 0.028369083728782496 0.054058758117880065 
0.01064716808285277 0.0702470947312751 -0.06612309438680473 
0.004345421506228852 0.01622839455867686 0.0503339852068495 
0.006434415256069452 0.027410863715569705 0.053519708201437255 
0.005449862496042999 0.022191371819285485 0.05170218370959206 
0.010712008788223829 0.07051835510225225 -0.06555291960887494 
0.007281110540818455 0.031762085777984256 0.05593686214041153 
0.0050096938062586865 0.019679311951197757 0.051999298928088855 
0.004056288198835846 0.014591646446345656 0.0504462032592596 
0.010531263078579219 0.06949255987342272 -0.06546651114324097 
0.006385535482447268 0.026997734850961436 0.05438653488754755 
0.004553976186472005 0.017250054801675154 0.05124082600352165 
0.008174896021037733 0.03657295151580332 0.05713584738216661 
0.006912857498963 0.029767098471682005 0.05552264936704616 
0.004616448421502456 0.01748947198235133 0.05192649237111551 
0.007716492320786853 0.03410705327932873 0.05651163320470128 
0.00648957417861132 0.02748629316360693 0.05497006577604152 
0.010375071526998287 0.06861668834878412 -0.06545753261567167 
0.005705328572032349 0.023374185013389517 0.053239678124562685 
0.007040345617616888 0.030429235190504535 0.05584330559333833 
0.0048579891089259855 0.018840995557104463 0.0519309920876533 
0.010487246319313063 0.0690935960601221 -0.06451851882912633 
0.007730651806974418 0.03411495649233593 0.05695516464687498 
0.005502993970432373 0.022200883531401164 0.05349166254077044 
0.003987594987031348 0.01413937808822466 0.05086690726497347 
0.008309320059607607 0.03715767619465465 0.058178919505284456 
0.006630548671488208 0.02818541002071204 0.0555301283791713 
0.003870268294718916 0.013109509303766857 0.053185155729455764 
0.010296124876297998 0.06807301530387039 -0.06482551757737365 
0.005772726524746641 0.023656679409747396 0.053829010060884634 
0.010766593467099983 0.07066685365022671 -0.0645766472732297 
0.00837906202261419 0.03749695069442622 0.05849693230300887 
0.006916490717003005 0.029715330116466033 0.05597078616498355 
0.004475566574788942 0.016651797908067697 0.05223075073471787 
0.007608829665453075 0.0332808654311236 0.05790029562671622 
0.006101555756644806 0.025330189371302374 0.05486945810360635 
0.005132025051425849 0.020168852007820814 0.05321317715647655 
0.008204708137468826 0.03655973745195309 0.05825521579611843 
0.006495217598883395 0.027314035552738074 0.05623695290207651 
0.010761689443196887 0.07041263225355202 -0.06316735115248874 
0.007439815901378937 0.032417188402581294 0.05738736807635333 
0.005659347067941564 0.022938215628541397 0.054349291635975155 
0.00632924456191032 0.02649230049997201 0.05556916208313627 
0.008164611215546956 0.036267337032481216 0.058677326000138634 
0.010240459716482925 0.06766284023682631 -0.06421313043182307 
0.007363192426098593 0.03191957955592627 0.057813935673629406 
0.006375598938971082 0.026658145683865812 0.056151274450361555 
0.0049186853645547075 0.018954859216487503 0.05333515011142597 
0.010586686713355685 0.069426447783332 -0.06312729915611807 
0.007912443501553628 0.034841550594935745 0.05876460712521489 
0.00520937604631303 0.020401637542345794 0.05445773091636277 
0.007096313027594906 0.030440336620382088 0.0577215748186205 
0.01068096666218784 0.06995461829141318 -0.06312948184287422 
0.00827646134133856 0.03685085702480205 0.05894247576766987 
0.010074068278444316 0.066498993349291 -0.06276934132409286 
0.00741500698266824 0.03212350645423466 0.05834935478055754 
0.006194926768254076 0.02559695027185274 0.056460244594038235 
0.0051942489104315195 0.020303786516939065 0.05453953482389251 
0.010419691246544249 0.0684032056502332 -0.06257834835620205 
0.0067515319650897 0.028619230988735936 0.05704338746315177 
0.005502895423833598 0.021849905724118872 0.05566947083747141 
0.007927856723235363 0.03482992344751741 0.05937313568848199 
0.010792316759777036 0.07038178135806672 -0.06191001127660566 
0.007063709044274405 0.03006583192815096 0.05891464217053958 
0.0058551966350819966 0.023697297360329904 0.05644594429808975 
0.00483098496136519 0.018230102840460893 0.05478798420274832 
0.010162939885038958 0.06691420298054433 -0.06225767240835821 
0.007752005031399869 0.03387204248563523 0.05920775089597865 
0.006884311469622325 0.02920726582740157 0.05800866988206084 
0.00594289442973235 0.02413591274142299 0.05677131230445627 
-0.00245284961819711 -0.006431238809345256 -0.04537295743092498 
0.007873634932175334 0.0344797774275849 0.05966267652152064 
0.005061791647309747 0.019434508441837986 0.05533331862316645 
0.010708644029693603 0.06992155335152775 -0.061961019177333744 
0.008354988210140473 0.03707440718405017 0.06028533693700154 
0.006467592202327868 0.026868784365490873 0.058042910438355834 
0.010081222760470044 0.0663334364899003 -0.06149152361035583 
0.004874379390078915 0.018318705727242018 0.05574715279452559 
0.003847536232615467 0.012814919348873202 0.05422504507565315 
0.010822679352542856 0.0704245332158839 -0.06111930410241646 
0.00558813500192634 0.02217800543525042 0.05659613718586043 
0.007810652846275373 0.03400920623099505 0.06039583391674779 
0.006201082767494977 0.025395045725402916 0.057929213864037966 
0.003665935176354324 0.011778152055783756 0.05434988221873058 
0.010110747252539735 0.066551623275032 -0.06182025934339486 
0.00513211146757837 0.019597122238579182 0.05676933761718371 
0.00818394337644213 0.03599778086245675 0.061025168039498943 
0.006515222871743145 0.027015402457438227 0.05878892000677295 
0.010116139204061013 0.06643900144953475 -0.06093274261696459 
0.008265983439897671 0.03635806213296798 0.06164051424677572 
0.007192917315686645 0.030664249284849995 0.0596911467771074 
0.005516971706154884 0.02171847830300997 0.05697601152283936 
0.010226651200954064 0.0670415994435028 -0.06083271495792425 
0.006728848644414527 0.028119917075946476 0.059357279522620376 
0.007777004922762524 0.03375584867890519 0.06079968129953412 
0.00559902708664437 0.02207896298015317 0.057590626532282606 
0.01082747260405438 0.07022723302803936 -0.0597263635210834 
0.006563712852933427 0.027161922806616574 0.05956543486665897 
0.008110303612081404 0.035491719383499085 0.06160807817406037 
0.0103884768710102 0.06773094312086259 -0.05948644413746786 
0.007250369616961616 0.0307853398008198 0.06093752555265936 
0.00610335354716805 0.024816563054247055 0.05812406399046317 
0.008229217635705818 0.03606241010817064 0.06219873118867383 
0.00680344208870167 0.028476910958280675 0.05973396742393403 
0.005665458073021833 0.02218876259870528 0.059219568750252624 
0.010680144676106436 0.06932551075018592 -0.05924833909192047 
0.008056406670971357 0.03514647112206468 0.06187848312759315 
0.010786420432297921 0.06987009353898772 -0.05893515240951997 
0.006828742035632039 0.02849025438774855 0.06053129691270783 
0.008347979221365051 0.036593454973633026 0.06303046930409728 
0.010626423585026084 0.06898103590568906 -0.05897662241484981 
0.006389574074029858 0.026140222620763817 0.0598562671764993 
0.01046634958417628 0.06809162577545916 -0.0590185861296452 
0.008100682968320463 0.03523527953455586 0.06286705709093776 
0.0067633914793914516 0.027987840000857744 0.061379945897599056 
0.008221139912355766 0.03582724451559459 0.063379178551361 
0.00686761637536588 0.02850537749600964 0.061789857012225814 
0.010696963878467818 0.06928088786164167 -0.05838583248870617 
0.007505750778676287 0.0319071737823091 0.06285103572232545 
0.005589071770266282 0.021742828282465463 0.05933324429274956 
0.006358206605981554 0.025771224343066994 0.06105813537851025 
0.010246063971295146 0.0667687378943697 -0.05846152620891781 
0.008393941054423096 0.03666838641145417 0.06416392957652539 
0.007270365939586602 0.03056495826517422 0.06300286789092505 
0.010363140021245436 0.06731365973450211 -0.05777467440257786 
0.007974505909977602 0.034292860732265354 0.06433389752189186 
0.006828573734064214 0.028178434501536773 0.062463321809117484 
0.005750434123659655 0.022562865664816384 0.05985116719983049 
0.008078007750551274 0.03494751293308554 0.06386651881896768 
-0.00270588266322733 -0.010009130677378908 -0.03194100058565948 
0.006671873387472991 0.027335967650366094 0.06224699647047342 
0.01060489032054393 0.06865529004949 -0.057701397635559454 
0.007910156081919136 0.033952474446477525 0.06421040155207777 
0.0059487174473093285 0.023457399979679164 0.0611906939709891 
0.010189282173445582 0.06633242945819097 -0.05772557782144479 
0.007252079400484151 0.030374852728079306 0.06354808549478484 
0.006058698947535848 0.024053923667885405 0.06131001442796702 
0.010594984446186895 0.06846915266262116 -0.056889254445229506 
0.0058936475494591484 0.023096381757333816 0.06151829475940314 
0.008254542013876614 0.03579065347904903 0.06476873441196969 
0.006645059770249832 0.027029782474486532 0.06321693849168641 
0.008354583022696697 0.036250882167839886 0.06538923598808542 
0.006491484544164049 0.026229709957870426 0.06284587487186251 
0.010795421291663809 0.06938008338411124 -0.0555767001233125 
0.0073940354761391006 0.03089214650090747 0.06527228390184124 
0.006321031188472093 0.02519848274308876 0.063324141339472 
0.010838786804593353 0.06964055119634979 -0.055686634000989416 
0.008042443298013494 0.03443523908990532 0.06581278313753171 
0.006711967179985484 0.027281700221068038 0.06397922910623502 
0.008451101904451454 0.03661345191133342 0.06649411825777216 
0.0067943474104249805 0.02764708265670935 0.06457470823617241 
0.010843353206184887 0.06951736043691878 -0.05476215723908531 
0.007548040266402707 0.03175903706313337 0.06524303624636506 
0.010453887801867057 0.06740481920059582 -0.055183839556342366 
0.00822187567314184 0.03535547284268223 0.06633671759868265 
0.0070935072989184444 0.02919872172402409 0.06534027368536928 
-0.002325199188115484 -0.0030911298346520885 -0.061689564306673425 
0.010834107893026034 0.06948814998602283 -0.05490229192612131 
0.00833538773915099 0.03585247826312369 0.06719735674946949 
0.006939939312659096 0.028398749069255068 0.06496884134347736 
0.010228963089552222 0.06605784156966144 -0.05463847518646391 
0.007430835534238522 0.030977495557361675 0.06602223773038146 
0.008124995242962074 0.03470511540853297 0.06700778270167708 
0.010523664381923066 0.06769425131291393 -0.05455486468742582 
0.00797140469984235 0.03390483948528491 0.0666374502796867 
0.0068563911292689435 0.028078861194404198 0.06404998886306301 
0.010374730841816015 0.06681028139914472 -0.05424303035562113 
0.008094219252920164 0.03438151623764792 0.06794808626880011 
0.010215066084320634 0.06592622138619125 -0.054304004962524854 
0.0068858320621983295 0.028002636051283305 0.06554804045943338 
0.007376728283777745 0.03058138253938991 0.0666014368463375 
0.010920036948101135 0.06980131170766984 -0.05385880098564403 
0.00815050136372255 0.034673044060587035 0.06809452673869773 
0.010784597022043544 0.06895442179403029 -0.05330792899906979 
0.008333997567567615 0.03568604111924121 0.06818335295518439 
0.007654925375371656 0.03198107207290413 0.06758197568241234 
0.01088861125815922 0.06946791701978854 -0.05288022565950927 
0.008462546168037146 0.03624140079617951 0.06920449820655056 
0.010243032132047025 0.06592631428670548 -0.05333156577902791 
0.008306170671395928 0.03540383170350696 0.06896903698840062 
0.007125424520722062 0.029120080386211736 0.06693949828488344 
0.010601880182952071 0.0678523454210555 -0.052816033869820526 
0.007278610817455519 0.029864991836869977 0.06763984184133302 
0.008324383308428916 0.03546887684289577 0.06919846640574435 
0.010440695061906154 0.06694731442021393 -0.05279957684243558 
0.007412901542524254 0.03049913798316845 0.06837113387918642 
0.007929856113479787 0.033287751467472794 0.0690269031473213 
0.010610357484717782 0.06791813031360837 -0.0529299212033791 
0.007258382120681732 0.02983456905585877 0.06712509902888773 
0.009916457399625059 0.0628292246845054 -0.045446391360656826 
0.007795523865869131 0.03260364528219362 0.06860465524668616 
0.010140134661401406 0.06514263364387644 -0.05204128070965629 
0.010672538631643457 0.06814198305908366 -0.05215765362933663 
0.008277294468100571 0.03502104432532292 0.07034327893708855 
0.010974631248989336 0.06972087294575838 -0.051459407240798685 
0.010522473991672124 0.06719250065879713 -0.05147803011352658 
0.007658755453865127 0.03180167991903892 0.06883011096141206 
0.010380524609274897 0.0664033361274454 -0.05151238864488486 
0.00845103379750895 0.03585202833866884 0.07122380074086143 
0.01090830203084963 0.06919259193155941 -0.05048405417271208 
0.008303100985583994 0.03513008652600262 0.0705634901179608 
0.010464580218422325 0.0667797470627574 -0.05092715772812264 
0.008421189459278668 0.03569020831674038 0.07119110316804812 
0.010623168472770998 0.06759834381764573 -0.05049680030784644 
0.008271492205785914 0.03479581855933668 0.07154112244262574 
0.008373912889931499 0.03527692049324664 0.07211469767592171 
0.010568315426622222 0.06722753219738224 -0.05010079119101983 
0.008511244342101256 0.03595300861532136 0.07269112644519778 
0.010919285051322742 0.06903334368078498 -0.04911223734805659 
0.011054121099514607 0.06980962574479299 -0.04924531025758265 
0.010260919184971 0.06541491734559406 -0.049531024730065876 
0.010915196920286009 0.06886558356096717 -0.04821188869517252 
0.010947050946699437 0.0689576663504211 -0.04767586947987774 
0.010743207186533803 0.06775242393536281 -0.047277888182536976 
0.010868457389956045 0.0683977118887797 -0.046930384494400734 
0.01040169539839328 0.06581663873107711 -0.04712962427971783 
0.010976799667085252 0.0688114420137049 -0.045732082076861455 
0.01070195400722354 0.06735868992618375 -0.04626624513054107 
0.010919382317193633 0.06854080654569454 -0.046047861294878915 
0.01077500986773816 0.0677197495955897 -0.045968321865940236 
0.010444184183265202 0.06578344795353014 -0.0454450491846095 
0.011022413572462711 0.06882064557071248 -0.044202245262933 
0.010009949830010679 0.06307112365511891 -0.04369686985883113 
0.010240362979959996 0.06457850880695087 -0.04504816780717032 
0.01083124149788845 0.06778894577897965 -0.044441903671635107 
0.010688064562033542 0.06698396205826478 -0.04442065999747919 
0.010917699339221813 0.0681865332278898 -0.04390469901759419 
0.011075121876656832 0.06898945988371426 -0.04341751448450477 
-0.0031983312098018855 -0.01802919576492302 0.0007679921084245914 
-0.0032478147405518906 -0.01748736553205216 -0.004321013330108008 
-0.003910878917551529 -0.02244116366141783 0.0033957250278155394 
-0.002159074530361302 -0.009524792386154586 -0.015926063898015253 
-0.002538909017335275 -0.01422491078760001 6.846824507690279e-05 
-0.0029435661463735998 -0.004290713540559129 -0.07574916472753032 
-0.003712484700910297 -0.023740569977873553 0.018373888104384513 
-0.0026725169234903534 -0.010778050034948198 -0.026001477262378864 
-0.0025582684140528487 -0.0021160291609999327 -0.07585869099221644 
-0.002812820280799867 -0.007970858591419735 -0.04832899551779231 
-0.0025068791135597636 -0.004048679614919119 -0.062059787755653885 
-0.0033339091844713305 -0.01582844066561808 -0.017626270690102017 
-0.0025058781178878783 -0.008664352463287561 -0.033339738022786114 
-0.0028144605178949864 -0.01441856712323606 -0.008315209966120667 
-0.002596643101798328 -0.002384660496453799 -0.07552437823169908 
-0.003582937916923517 -0.022405627335387084 0.014584854855150637 
-0.0028188238689714424 -0.010373949338601553 -0.03360328470873659 
-0.003491521009999181 -0.019050383730969643 -0.003086474847908948 
-0.0028967741202340805 -0.018588962743191207 0.014738809605476964 
-0.0030685053148922746 -0.018162344692106744 0.006112482278166829 
-0.0031120437588772224 -0.016001553752034298 -0.008831102415437901 
-0.00230976291944197 -0.007427535994468518 -0.034202842106898085 
-0.006542266797072232 -0.022546138085723644 -0.08750518454067471 
-0.00263722642599933 -0.010869877422282377 -0.024202939111094984 
-0.002049153556385115 -0.003686287012350222 -0.04838642033294786 
-0.0028727159613475767 -0.014046155087632585 -0.012656524009354301 
-0.002912915293743919 -0.013971458505295345 -0.01451939061479175 
-0.012887155110711122 -0.07245974819609335 0.001938792785771355 
-0.0023884138756972424 -0.0024054387967473545 -0.0681503728459888 
-0.0024598969769389616 -0.008388843659329107 -0.033452142834952396 
-0.0026722567670965152 -0.009907159669255127 -0.031404785839300356 
-0.002714254596223661 -0.01060114926717262 -0.02855303978977298 
-0.00279389165263354 -0.007936897266818515 -0.04788147684631851 
-0.003070541666641049 -0.017683783243116154 0.003067495340079439 
-0.002877365790181524 -0.010557926730009005 -0.03449674859734332 
-0.0032380666329230516 -0.017115590887608632 -0.006292333582344988 
-0.00312534480527714 -0.014127861174626132 -0.02093840134675081 
-0.0026473724034164897 -0.0070877362970395335 -0.048060982414608336 
-0.003331080144595186 -0.018305752094901265 -0.0021319857063420477 
-0.003332493352029029 -0.018023451643652006 -0.00393557998374769 
-0.0034435614268553665 -0.01971166349270488 0.002691856386946843 
-0.0032559050785350187 -0.018194979249289093 -0.0002048610071283605 
-0.002484754669166849 -0.005101787964706739 -0.054745218684260584 
-0.0025721684417796234 -0.007865845525154517 -0.04060867836842606 
-0.002553785235782756 -0.00269711249959521 -0.07209142492267333 
-0.002956678595515875 -0.015261184789212 -0.008026719636267755 
-0.0029395201831042047 -0.014508524375666226 -0.012107322101758964 
-0.0032982480185946047 -0.01871577574548571 0.001558526990174592 
-0.0024816586851572494 -0.0033691832765286 -0.06540519432296661 
-0.0025465165457040444 -0.004879199604454659 -0.05827741558557255 
-0.0037243969252118056 -0.019188240072642783 -0.010332133464975232 
-0.0029321829553175037 -0.005684482674473462 -0.06669119436133122 
-0.002498649558968116 -0.0046417312713414325 -0.05808779481618399 
-0.0030947262786897114 -0.01870551401822111 0.008575840039932121 
-0.002399188056177671 -0.001239894164030148 -0.0757687973318524 
-0.0030131189386505023 -0.014312296219710701 -0.015887535020899766 
-0.0020696920517836947 -0.0030065896869206693 -0.053325156136173404 
-0.0029033682751911016 -0.012166254806500215 -0.025406101051227342 
-0.0033815568506013177 -0.01777598173111377 -0.007180597481085172 
-0.0035731217247855097 -0.01996130195846921 -0.000264467506659095 
-0.002137347105450503 -0.0026942374382540606 -0.057620252582739034 
-0.0024254348482291343 -0.0035214752390427145 -0.06250255528646527 
-0.00368886092922867 -0.021130170744157416 0.002972863411906087 
-0.003395113100086202 -0.016764628712351525 -0.013937556567645544 
-0.0013134079565445035 -0.001972945091765062 -0.033435766166563866 
-0.0028658120203936856 -0.013744410015816617 -0.014291584902630283 
-0.0033459003911510293 -0.018838094730338217 0.0006607495940212017 
-0.0020919100382447773 -0.004207560844468933 -0.046634454084113264 
-0.003147753432293509 -0.019255194956736537 0.010147003946496069 
-0.003728513034258086 -0.024293987753851227 0.0212555672974988 
-0.003917590416364208 -0.022429807629915435 0.003091638506792416 
